function update(t){var e=tree.nodes(root).reverse(),n=tree.links(e);e.forEach(function(t){t.y=180*t.depth});var r=svg.selectAll("g.node").data(e,function(t){return t.id||(t.id=++i)}),a=r.enter().append("g").attr("class","node").attr("transform",function(e){return"translate("+t.y0+","+t.x0+")"}).on("click",click);a.append("circle").attr("r",1e-6).style("fill",function(t){return t._children?"lightsteelblue":"#fff"}),a.append("text").attr("x",function(t){return t.children||t._children?-13:13}).attr("dy",".35em").attr("text-anchor",function(t){return t.children||t._children?"end":"start"}).text(function(t){return t.name}).style("fill-opacity",1e-6);var o=r.transition().duration(duration).attr("transform",function(t){return"translate("+t.y+","+t.x+")"});o.select("circle").attr("r",10).style("fill",function(t){return t._children?"lightsteelblue":"#fff"}),o.select("text").style("fill-opacity",1);var s=r.exit().transition().duration(duration).attr("transform",function(e){return"translate("+t.y+","+t.x+")"}).remove();s.select("circle").attr("r",1e-6),s.select("text").style("fill-opacity",1e-6);var u=svg.selectAll("path.link").data(n,function(t){return t.target.id});u.enter().insert("path","g").attr("class","link").attr("d",function(e){var n={x:t.x0,y:t.y0};return diagonal({source:n,target:n})}),u.transition().duration(duration).attr("d",diagonal),u.exit().transition().duration(duration).attr("d",function(e){var n={x:t.x,y:t.y};return diagonal({source:n,target:n})}).remove(),e.forEach(function(t){t.x0=t.x,t.y0=t.y})}function click(t){t.children?(t._children=t.children,t.children=null):(t.children=t._children,t._children=null),update(t)}var json={NumSpannedFrames:5991,NumProcessedFrames:600,LeafSize:50,NumSegments:159,NumNodes:23,T12:[[1,491],[501,991],[1,991],[1001,1491],[1501,1991],[1001,1991],[1,1991],[2001,2491],[2501,2991],[2001,2991],[3001,3491],[3501,3991],[3001,3991],[2001,3991],[1,3991],[4001,4491],[4501,4991],[4001,4991],[5001,5491],[5501,5991],[5001,5991],[4001,5991],[1,5991]],Nodes:[3,3,7,6,6,7,15,10,10,14,13,13,14,15,23,18,18,22,21,21,22,23,0],Data:[{NodeType:"Leaf",FrameSpan:[1,491],NumSegments:11,NumCandidateKeyframes:11,NumKeyframes:9,Keyframes:[[],[],[],[],[],[],[],[],[]],Descriptors:[],KeyframeSelIdx:[1,2,3,5,6,7,9,10,11],KeyframeAbsIdx:[31,81,161,241,311,381,431,451,481],Metrics:{D:[[0,.0016563,.0018348,.0058758,.015356,.016654,.012178,.014092,.012885,.012193,.012464],[.0016563,0,72736e-9,.0060171,.017201,.018235,.013216,.016088,.014551,.012745,.013664],[.0018348,72736e-9,0,.0057498,.018187,.019215,.014113,.016446,.015138,.013784,.014402],[.0058758,.0060171,.0057498,0,.017044,.01752,.012695,.011059,.011203,.012588,.012095],[.015356,.017201,.018187,.017044,0,15118e-8,.0011551,.0040014,.0046694,.0053569,.0049325],[.016654,.018235,.019215,.01752,15118e-8,0,.001341,.0038867,.0046616,.0055972,.0050759],[.012178,.013216,.014113,.012695,.0011551,.001341,0,.0038889,.0031911,.0032638,.0031994],[.014092,.016088,.016446,.011059,.0040014,.0038867,.0038889,0,.0024917,.0055034,.0045288],[.012885,.014551,.015138,.011203,.0046694,.0046616,.0031911,.0024917,0,.0022718,84875e-8],[.012193,.012745,.013784,.012588,.0053569,.0055972,.0032638,.0055034,.0022718,0,.0017686],[.012464,.013664,.014402,.012095,.0049325,.0050759,.0031994,.0045288,84875e-8,.0017686,0]],w:[0,.05,.05],M:[[0,0,0,0,0,0,0,0,0,0,0],[.090909,.090909,.090909,.090909,.090909,.090909,.090909,.090909,.090909,.090909,.090909],[.10183,.1222,.20367,.040733,.040733,.22403,.081466,.040733,.040733,.040733,.063136]],f:[.0096371,.010655,.014729,.0065821,.0065821,.015747,.0086188,.0065821,.0065821,.0065821,.0077023],votes:[1,1,2,1,1,2,1,1,1],tfrac:[.10183,.1222,.2444,.040733,.22403,.1222,.040733,.040733,.063136]}},{NodeType:"Leaf",FrameSpan:[501,991],NumSegments:14,NumCandidateKeyframes:14,NumKeyframes:9,Keyframes:[[],[],[],[],[],[],[],[],[]],Descriptors:[],KeyframeSelIdx:[1,2,4,6,7,9,11,13,14],KeyframeAbsIdx:[521,551,661,741,761,801,871,971,991],Metrics:{D:[[0,.0015107,.0016748,.0031887,.0054026,.0045663,.0071041,.018196,.0078077,.0058023,.0047665,.0061517,.0029926,.0081702],[.0015107,0,48031e-8,73371e-8,.0029482,.002821,.0038246,.015388,.0045974,.0031391,.0025972,.003385,.0025556,.0044615],[.0016748,48031e-8,0,80008e-8,.0030495,.0027647,.0039718,.015443,.0061315,.0043595,.0038398,.004698,.0031277,.0048771],[.0031887,73371e-8,80008e-8,0,.0022157,.0018153,.0026094,.014767,.0050487,.0032554,.0029656,.0031572,.0039903,.0037836],[.0054026,.0029482,.0030495,.0022157,0,.0020167,.0035447,.014369,.0076231,.005266,.0053612,.0050637,.0049085,.0042768],[.0045663,.002821,.0027647,.0018153,.0020167,0,.0023027,.014384,.0068022,.0045589,.0042775,.0040181,.0043754,.0050299],[.0071041,.0038246,.0039718,.0026094,.0035447,.0023027,0,.013883,.0032326,.0027104,.0041176,.0037623,.0055514,.0031589],[.018196,.015388,.015443,.014767,.014369,.014384,.013883,0,.017211,.015826,.015936,.016201,.016838,.014886],[.0078077,.0045974,.0061315,.0050487,.0076231,.0068022,.0032326,.017211,0,.0018064,.002806,.003715,.0057277,.0048488],[.0058023,.0031391,.0043595,.0032554,.005266,.0045589,.0027104,.015826,.0018064,0,72995e-8,.0011476,.0041576,.0027246],[.0047665,.0025972,.0038398,.0029656,.0053612,.0042775,.0041176,.015936,.002806,72995e-8,0,68523e-8,.0036562,.0034131],[.0061517,.003385,.004698,.0031572,.0050637,.0040181,.0037623,.016201,.003715,.0011476,68523e-8,0,.0048698,.0024877],[.0029926,.0025556,.0031277,.0039903,.0049085,.0043754,.0055514,.016838,.0057277,.0041576,.0036562,.0048698,0,.0047959],[.0081702,.0044615,.0048771,.0037836,.0042768,.0050299,.0031589,.014886,.0048488,.0027246,.0034131,.0024877,.0047959,0]],w:[0,.05,.05],M:[[0,0,0,0,0,0,0,0,0,0,0,0,0,0],[.071429,.071429,.071429,.071429,.071429,.071429,.071429,.071429,.071429,.071429,.071429,.071429,.071429,.071429],[.0611,.081466,.1222,.10183,.081466,.0611,.040733,.040733,.040733,.0611,.1222,.10183,.0611,.022403]],f:[.0066264,.0076447,.0096814,.0086631,.0076447,.0066264,.0056081,.0056081,.0056081,.0066264,.0096814,.0086631,.0066264,.0046916],votes:[1,2,2,1,2,2,2,1,1],tfrac:[.0611,.20367,.1833,.0611,.081466,.10183,.22403,.0611,.022403]}},{NodeType:"Merge",FrameSpan:[1,991],NumSegments:25,NumCandidateKeyframes:18,NumKeyframes:9,Keyframes:[[],[],[],[],[],[],[],[],[]],Descriptors:[],KeyframeSelIdx:[1,3,5,6,11,12,14,15,16],KeyframeAbsIdx:[31,161,311,381,551,661,761,801,871],Metrics:{D:[[0,90794e-8,.0010058,.0084177,.0091297,.0066759,.0070637,.0066838,.0068323,.0063204,.0068442,.0073375,.0076904,.0084286,.0082909,.0073032,.00784,.0079434],[90794e-8,0,39873e-9,.0094293,.0099963,.0072451,.0079766,.0069866,.0074903,.0070245,.0075601,.0081447,.0086266,.0093019,.0091126,.0081597,.0087429,.0088194],[.0010058,39873e-9,0,.0099698,.010533,.0077364,.0082985,.007556,.0078951,.0073464,.0079919,.0085897,.0090133,.0098084,.0096045,.008574,.0092004,.0093575],[.0084177,.0094293,.0099698,0,82873e-9,63323e-8,.0025597,.0029366,.002704,.0028262,.0021813,.0021561,.0023835,.0019125,.0018723,.0019171,.0025348,.0021037],[.0091297,.0099963,.010533,82873e-9,0,73512e-8,.0025554,.0030683,.0027826,.0029215,.0022332,.0021767,.0023315,.0019213,.0019267,.0019584,.0025179,.0021856],[.0066759,.0072451,.0077364,63323e-8,73512e-8,0,.0017493,.0017892,.0017539,.0018796,.0013727,.0014417,.0016519,.0013859,.0014187,.001385,.0018127,.0014313],[.0070637,.0079766,.0082985,.0025597,.0025554,.0017493,0,.0012454,46528e-8,33006e-8,34861e-8,55245e-8,65368e-8,97969e-8,82265e-8,52952e-8,47872e-8,.0012538],[.0066838,.0069866,.007556,.0029366,.0030683,.0017892,.0012454,0,96952e-8,.0011434,94887e-8,.0013503,.0017675,.0017926,.0016549,.0016001,.0013183,.0019454],[.0068323,.0074903,.0078951,.002704,.0027826,.0017539,46528e-8,96952e-8,0,16659e-8,34425e-8,63192e-8,84315e-8,.0010192,.0011165,9545e-7,4216e-7,.001262],[.0063204,.0070245,.0073464,.0028262,.0029215,.0018796,33006e-8,.0011434,16659e-8,0,23852e-8,50345e-8,72096e-8,.0011216,.0012327,75258e-8,47249e-8,.00129],[.0068442,.0075601,.0079919,.0021813,.0022332,.0013727,34861e-8,94887e-8,34425e-8,23852e-8,0,11584e-8,44541e-8,60386e-8,72587e-8,41007e-8,40351e-8,70442e-8],[.0073375,.0081447,.0085897,.0021561,.0021767,.0014417,55245e-8,.0013503,63192e-8,50345e-8,11584e-8,0,28661e-8,41199e-8,79712e-8,46824e-8,63003e-8,59738e-8],[.0076904,.0086266,.0090133,.0023835,.0023315,.0016519,65368e-8,.0017675,84315e-8,72096e-8,44541e-8,28661e-8,0,36357e-8,.001074,67537e-8,69082e-8,79416e-8],[.0084286,.0093019,.0098084,.0019125,.0019213,.0013859,97969e-8,.0017926,.0010192,.0011216,60386e-8,41199e-8,36357e-8,0,51039e-8,65012e-8,8765e-7,49876e-8],[.0082909,.0091126,.0096045,.0018723,.0019267,.0014187,82265e-8,.0016549,.0011165,.0012327,72587e-8,79712e-8,.001074,51039e-8,0,44304e-8,90433e-8,76557e-8],[.0073032,.0081597,.008574,.0019171,.0019584,.001385,52952e-8,.0016001,9545e-7,75258e-8,41007e-8,46824e-8,67537e-8,65012e-8,44304e-8,0,57727e-8,53888e-8],[.00784,.0087429,.0092004,.0025348,.0025179,.0018127,47872e-8,.0013183,4216e-7,47249e-8,40351e-8,63003e-8,69082e-8,8765e-7,90433e-8,57727e-8,0,75722e-8],[.0079434,.0088194,.0093575,.0021037,.0021856,.0014313,.0012538,.0019454,.001262,.00129,70442e-8,59738e-8,79416e-8,49876e-8,76557e-8,53888e-8,75722e-8,0]],w:[0,.05,.05],M:[[0,0,0,0,0,0,0,0,0,0,0,0,0,0,0,0,0,0],[.04,.04,.08,.04,.04,.08,.04,.04,.04,.04,.08,.08,.04,.08,.08,.08,.04,.04],[.050916,.0611,.1222,.020367,.11202,.0611,.020367,.020367,.031568,.03055,.10183,.09165,.03055,.040733,.050916,.11202,.03055,.011202]],f:[.0045458,.005055,.01011,.0030183,.0076008,.007055,.0030183,.0030183,.0035784,.0035275,.0090916,.0085825,.0035275,.0060367,.0065458,.0096008,.0035275,.0025601],votes:[2,3,1,4,4,3,2,2,4],tfrac:[.11202,.14257,.11202,.10183,.16395,.1222,.040733,.050916,.15377]}},{NodeType:"Leaf",FrameSpan:[1001,1491],NumSegments:12,NumCandidateKeyframes:12,NumKeyframes:9,Keyframes:[[],[],[],[],[],[],[],[],[]],Descriptors:[],KeyframeSelIdx:[1,2,3,5,6,8,9,11,12],KeyframeAbsIdx:[1031,1071,1091,1161,1211,1341,1391,1451,1481],Metrics:{D:[[0,24768e-8,.02247,.012253,.0050275,.0030667,.00309,.0040708,.014136,.0071656,.0090049,.0060452],[24768e-8,0,.023204,.011791,.0050461,.0029968,.0028973,.0040432,.013438,.0075714,.0092441,.0065771],[.02247,.023204,0,.01341,.017202,.022359,.019756,.019318,.016978,.012684,.011898,.01543],[.012253,.011791,.01341,0,.0034452,.0079522,.0061784,.0052843,.0016809,.0064567,.0058034,.0083659],[.0050275,.0050461,.017202,.0034452,0,.0024475,.0018417,.0012974,.0043334,.0040479,.0049034,.0043802],[.0030667,.0029968,.022359,.0079522,.0024475,0,5422e-7,76585e-8,.010002,.0053926,.0072409,.0047477],[.00309,.0028973,.019756,.0061784,.0018417,5422e-7,0,33706e-8,.0078737,.0050632,.0065541,.0049368],[.0040708,.0040432,.019318,.0052843,.0012974,76585e-8,33706e-8,0,.0071337,.0046277,.0059241,.0046038],[.014136,.013438,.016978,.0016809,.0043334,.010002,.0078737,.0071337,0,.0093519,.009198,.011702],[.0071656,.0075714,.012684,.0064567,.0040479,.0053926,.0050632,.0046277,.0093519,0,87404e-8,89646e-8],[.0090049,.0092441,.011898,.0058034,.0049034,.0072409,.0065541,.0059241,.009198,87404e-8,0,.0013893],[.0060452,.0065771,.01543,.0083659,.0043802,.0047477,.0049368,.0046038,.011702,89646e-8,.0013893,0]],w:[0,.05,.05],M:[[0,0,0,0,0,0,0,0,0,0,0,0],[.083333,.083333,.083333,.083333,.083333,.083333,.083333,.083333,.083333,.083333,.083333,.083333],[.10183,.0611,.040733,.081466,.081466,.10183,.16293,.1222,.0611,.0611,.0611,.063136]],f:[.0092583,.0072217,.0062033,.00824,.00824,.0092583,.012313,.010277,.0072217,.0072217,.0072217,.0073235],votes:[1,1,2,1,2,1,2,1,1],tfrac:[.10183,.0611,.1222,.081466,.26477,.1222,.1222,.0611,.063136]}},{NodeType:"Leaf",FrameSpan:[1501,1991],NumSegments:15,NumCandidateKeyframes:15,NumKeyframes:9,Keyframes:[[],[],[],[],[],[],[],[],[]],Descriptors:[],KeyframeSelIdx:[1,2,4,6,8,10,12,14,15],KeyframeAbsIdx:[1521,1561,1641,1691,1811,1881,1941,1981,1991],Metrics:{D:[[0,18177e-8,12491e-8,.0022411,.0030427,.001893,.0014819,.0015373,.0022345,.0030974,.0053571,.0048773,.0069246,.0060831,.0055563],[18177e-8,0,31634e-8,.0025979,.0035912,.0020491,.0017258,.0018508,.0024186,.0028669,.0050456,.004594,.0067719,.0058626,.0049911],[12491e-8,31634e-8,0,.0020553,.0028991,.0014716,.0010961,.001264,.0023843,.0033758,.0057345,.0050181,.0066463,.0061495,.0052486],[.0022411,.0025979,.0020553,0,54776e-8,.0013669,.0012562,.0020143,.0060744,.0079536,.011796,.011562,.012413,.011256,.011223],[.0030427,.0035912,.0028991,54776e-8,0,.0018345,.0019957,.0023391,.0063427,.00903,.013099,.012995,.013401,.011803,.012267],[.001893,.0020491,.0014716,.0013669,.0018345,0,4153e-7,69077e-8,.0036127,.0056692,.0093747,.008677,.008342,.0078768,.0069113],[.0014819,.0017258,.0010961,.0012562,.0019957,4153e-7,0,61447e-8,.0036033,.0051857,.0086344,.0081084,.0076389,.0078309,.0067431],[.0015373,.0018508,.001264,.0020143,.0023391,69077e-8,61447e-8,0,.0023007,.0046406,.0080715,.0076635,.0071177,.0062423,.0058279],[.0022345,.0024186,.0023843,.0060744,.0063427,.0036127,.0036033,.0023007,0,.0012882,.0031898,.0035568,.0038237,.003134,.0030337],[.0030974,.0028669,.0033758,.0079536,.00903,.0056692,.0051857,.0046406,.0012882,0,95279e-8,.0019689,.0026457,.003224,.0025286],[.0053571,.0050456,.0057345,.011796,.013099,.0093747,.0086344,.0080715,.0031898,95279e-8,0,.0010364,.0031219,.0044468,.0035284],[.0048773,.004594,.0050181,.011562,.012995,.008677,.0081084,.0076635,.0035568,.0019689,.0010364,0,.0036484,.0044075,.0031076],[.0069246,.0067719,.0066463,.012413,.013401,.008342,.0076389,.0071177,.0038237,.0026457,.0031219,.0036484,0,.0049253,.0028393],[.0060831,.0058626,.0061495,.011256,.011803,.0078768,.0078309,.0062423,.003134,.003224,.0044468,.0044075,.0049253,0,.0025699],[.0055563,.0049911,.0052486,.011223,.012267,.0069113,.0067431,.0058279,.0030337,.0025286,.0035284,.0031076,.0028393,.0025699,0]],w:[0,.05,.05],M:[[0,0,0,0,0,0,0,0,0,0,0,0,0,0,0],[.066667,.066667,.066667,.066667,.066667,.066667,.066667,.066667,.066667,.066667,.066667,.066667,.066667,.066667,.066667],[.081466,.0611,.1222,.040733,.040733,.0611,.1833,.081466,.0611,.0611,.0611,.0611,.040733,.040733,.0020367]],f:[.0074067,.0063883,.0094433,.00537,.00537,.0063883,.012498,.0074067,.0063883,.0063883,.0063883,.0063883,.00537,.00537,.0034352],votes:[1,2,2,2,2,2,2,1,1],tfrac:[.081466,.1833,.081466,.2444,.14257,.1222,.10183,.040733,.0020367]}},{NodeType:"Merge",FrameSpan:[1001,1991],NumSegments:27,NumCandidateKeyframes:18,NumKeyframes:9,Keyframes:[[],[],[],[],[],[],[],[],[]],Descriptors:[],KeyframeSelIdx:[3,5,7,11,12,13,14,15,16],KeyframeAbsIdx:[1091,1211,1391,1561,1641,1691,1811,1881,1941],Metrics:{D:[[0,13759e-8,.012483,.0027929,.0017036,.0022614,.0078531,.0050024,.0033582,.0027571,.0028032,.0049863,.0040408,.0035416,.0012392,.0012943,.0021045,.0020827],[13759e-8,0,.01289,.0028032,.0016648,.0022461,.0074653,.0051353,.0036537,.0030326,.0031229,.0052035,.0042361,.0036738,.0014521,.0015157,.0021597,.0022739],[.012483,.01289,0,.0095563,.012421,.010732,.0094318,.0066094,.0085719,.0085767,.0087717,.009396,.011198,.0095851,.0096953,.011454,.010681,.012411],[.0027929,.0028032,.0095563,0,.0013596,72072e-8,.0024073,.0027239,.0024333,.0019329,.0020471,.0035143,.0025457,.0017973,.0015987,.0020416,.0015768,.0012515],[.0017036,.0016648,.012421,.0013596,0,42545e-8,.0055566,.0040225,.0026375,.0022148,.0021289,.0038348,.0026561,.0022349,83998e-8,.0011954,97133e-8,64147e-8],[.0022614,.0022461,.010732,72072e-8,42545e-8,0,.0039629,.003291,.0025575,.0020979,.0020883,.0036996,.0025678,.0019025,98832e-8,.0014774,97821e-8,64e-5],[.0078531,.0074653,.0094318,.0024073,.0055566,.0039629,0,.0051097,.0065005,.0060906,.0064444,.0070675,.0064366,.0049916,.0062781,.007201,.0054197,.0058723],[.0050024,.0051353,.0066094,.0027239,.0040225,.003291,.0051097,0,77179e-8,80851e-8,.0010476,53702e-8,.0010587,81002e-8,.0024933,.0036045,.0032713,.0035143],[.0033582,.0036537,.0085719,.0024333,.0026375,.0025575,.0065005,77179e-8,0,87865e-9,92044e-9,47684e-8,49184e-8,46067e-8,.0012469,.0018887,.002165,.0020411],[.0027571,.0030326,.0085767,.0019329,.0022148,.0020979,.0060906,80851e-8,87865e-9,0,54313e-9,66964e-8,56563e-8,45934e-8,92547e-8,.0014573,.0018176,.0016602],[.0028032,.0031229,.0087717,.0020471,.0021289,.0020883,.0064444,.0010476,92044e-9,54313e-9,0,77622e-8,61226e-8,55302e-8,8566e-7,.0013727,.0017517,.0014913],[.0049863,.0052035,.009396,.0035143,.0038348,.0036996,.0070675,53702e-8,47684e-8,66964e-8,77622e-8,0,40841e-8,60186e-8,.0023765,.0034547,.0033632,.0033534],[.0040408,.0042361,.011198,.0025457,.0026561,.0025678,.0064366,.0010587,49184e-8,56563e-8,61226e-8,40841e-8,0,2064e-7,.0016939,.0025926,.0023535,.0020651],[.0035416,.0036738,.0095851,.0017973,.0022349,.0019025,.0049916,81002e-8,46067e-8,45934e-8,55302e-8,60186e-8,2064e-7,0,.0013866,.0022898,.0018652,.0017413],[.0012392,.0014521,.0096953,.0015987,83998e-8,98832e-8,.0062781,.0024933,.0012469,92547e-8,8566e-7,.0023765,.0016939,.0013866,0,5883e-7,96331e-8,75552e-8],[.0012943,.0015157,.011454,.0020416,.0011954,.0014774,.007201,.0036045,.0018887,.0014573,.0013727,.0034547,.0025926,.0022898,5883e-7,0,.0013169,92854e-8],[.0021045,.0021597,.010681,.0015768,97133e-8,97821e-8,.0054197,.0032713,.002165,.0018176,.0017517,.0033632,.0023535,.0018652,96331e-8,.0013169,0,76788e-8],[.0020827,.0022739,.012411,.0012515,64147e-8,64e-5,.0058723,.0035143,.0020411,.0016602,.0014913,.0033534,.0020651,.0017413,75552e-8,92854e-8,76788e-8,0]],w:[0,.05,.05],M:[[0,0,0,0,0,0,0,0,0,0,0,0,0,0,0,0,0,0],[.037037,.037037,.074074,.037037,.074074,.037037,.074074,.037037,.037037,.037037,.074074,.074074,.074074,.074074,.074074,.074074,.037037,.037037],[.050916,.03055,.0611,.040733,.13238,.0611,.0611,.03055,.031568,.040733,.09165,.040733,.1222,.071283,.0611,.050916,.020367,.0010183]],f:[.0043977,.0033793,.0067587,.0038885,.010323,.0049068,.0067587,.0033793,.0034303,.0038885,.0082862,.0057404,.0098137,.0072679,.0067587,.0062495,.0028702,.0019028],votes:[5,3,4,3,2,2,2,2,4],tfrac:[.1833,.19348,.12322,.13238,.040733,.1222,.071283,.0611,.072301]}},{NodeType:"Merge",FrameSpan:[1,1991],NumSegments:52,NumCandidateKeyframes:18,NumKeyframes:9,Keyframes:[[],[],[],[],[],[],[],[],[]],Descriptors:[],KeyframeSelIdx:[2,4,5,9,10,11,12,13,18],KeyframeAbsIdx:[161,381,551,871,1091,1211,1391,1561,1941],Metrics:{D:[[0,78683e-8,.0071419,.0052223,.005354,.0057399,.0065934,.0064857,.0057131,.011561,.0058735,.010325,.0030554,.0028333,.0029949,.0035576,.0043574,.0053189],[78683e-8,0,.0082398,.0060519,.0062518,.0067194,.0076728,.0075133,.0067071,.012589,.0067613,.011383,.0038109,.0036793,.0036815,.0042439,.0051582,.0061169],[.0071419,.0082398,0,57506e-8,.0017469,.0017028,.001503,.0015072,.001532,.010357,.0020181,.0054067,.0028467,.0043396,.0033682,.0030671,.0021455,.0023854],[.0052223,.0060519,57506e-8,0,.0010738,.0011278,.0010841,.0011098,.0010835,.0097399,.0011649,.0048737,.0014449,.0025411,.0017112,.0015952,.0011609,.0014605],[.005354,.0062518,.0017469,.0010738,0,90621e-9,47238e-8,56782e-8,32078e-8,.0064082,77906e-8,.0032525,97127e-8,.0020396,.0014088,.0010102,55544e-8,.001012],[.0057399,.0067194,.0017028,.0011278,90621e-9,0,32229e-8,62356e-8,36629e-8,.0071642,94161e-8,.0037208,.0013407,.0025775,.0018359,.0014565,758e-6,.0011389],[.0065934,.0076728,.001503,.0010841,47238e-8,32229e-8,0,39926e-8,50857e-8,.0086391,.0010508,.0038165,.0018878,.0033423,.0024089,.0020228,.0010874,.0012223],[.0064857,.0075133,.0015072,.0011098,56782e-8,62356e-8,39926e-8,0,34658e-8,.0081872,85352e-8,.0035626,.0018334,.0031421,.0023897,.0019628,.001043,.0012916],[.0057131,.0067071,.001532,.0010835,32078e-8,36629e-8,50857e-8,34658e-8,0,.0066544,84681e-8,.0037439,.0013051,.0025671,.0020415,.001639,5748e-7,9348e-7],[.011561,.012589,.010357,.0097399,.0064082,.0071642,.0086391,.0081872,.0066544,0,.0088028,.0066844,.0062166,.006659,.0079364,.006793,.0068711,.0081174],[.0058735,.0067613,.0020181,.0011649,77906e-8,94161e-8,.0010508,85352e-8,84681e-8,.0088028,0,.003938,.0015088,.0027177,.0018824,.0015839,5953e-7,84722e-8],[.010325,.011383,.0054067,.0048737,.0032525,.0037208,.0038165,.0035626,.0037439,.0066844,.003938,0,.0045672,.0050088,.0045617,.0035376,.0044493,.0051034],[.0030554,.0038109,.0028467,.0014449,97127e-8,.0013407,.0018878,.0018334,.0013051,.0062166,.0015088,.0045672,0,55011e-8,43391e-8,39193e-8,60708e-8,97281e-8],[.0028333,.0036793,.0043396,.0025411,.0020396,.0025775,.0033423,.0031421,.0025671,.006659,.0027177,.0050088,55011e-8,0,28944e-8,42654e-8,.0016842,.0024484],[.0029949,.0036815,.0033682,.0017112,.0014088,.0018359,.0024089,.0023897,.0020415,.0079364,.0018824,.0045617,43391e-8,28944e-8,0,14627e-8,.0012005,.0018374],[.0035576,.0042439,.0030671,.0015952,.0010102,.0014565,.0020228,.0019628,.001639,.006793,.0015839,.0035376,39193e-8,42654e-8,14627e-8,0,98268e-8,.0016228],[.0043574,.0051582,.0021455,.0011609,55544e-8,758e-6,.0010874,.001043,5748e-7,.0068711,5953e-7,.0044493,60708e-8,.0016842,.0012005,98268e-8,0,41693e-8],[.0053189,.0061169,.0023854,.0014605,.001012,.0011389,.0012223,.0012916,9348e-7,.0081174,84722e-8,.0051034,97281e-8,.0024484,.0018374,.0016228,41693e-8,0]],w:[0,.05,.05],M:[[0,0,0,0,0,0,0,0,0,0,0,0,0,0,0,0,0,0],[.038462,.057692,.019231,.076923,.076923,.057692,.038462,.038462,.076923,.096154,.057692,.076923,.057692,.038462,.038462,.038462,.038462,.076923],[.056008,.071283,.056008,.050916,.081976,.0611,.020367,.025458,.076884,.09165,.096741,.061609,.066191,.020367,.0611,.035642,.03055,.036151]],f:[.0047235,.0064488,.0037619,.006392,.0079449,.0059396,.0029414,.003196,.0076903,.0093902,.0077217,.0069266,.0061942,.0029414,.0049781,.0037052,.0034506,.0056537],votes:[6,4,9,6,5,3,4,7,8],tfrac:[.1833,.050916,.16344,.10234,.09165,.096741,.061609,.14766,.10234]}},{NodeType:"Leaf",FrameSpan:[2001,2491],NumSegments:18,NumCandidateKeyframes:18,NumKeyframes:9,Keyframes:[[],[],[],[],[],[],[],[],[]],Descriptors:[],KeyframeSelIdx:[1,3,5,7,9,12,14,16,18],KeyframeAbsIdx:[2021,2091,2171,2251,2311,2371,2411,2451,2491],Metrics:{D:[[0,42535e-8,91653e-8,.0013783,.0014081,.001486,85278e-8,.0013807,.0012726,89029e-8,.0011692,.0016712,.0042257,.0019716,.0053144,.0076651,.0054672,.0045242],[42535e-8,0,38815e-8,64444e-8,70262e-8,86633e-8,53095e-8,.0012017,.0010416,49348e-8,.0010045,.0013833,.0038641,.001962,.0047024,.0063962,.0050302,.0038304],[91653e-8,38815e-8,0,9839e-7,.0013359,.0014696,73205e-8,92558e-8,.0014104,99282e-8,87157e-8,.0012441,.0033962,.0025395,.0041631,.0057948,.0053893,.0036899],[.0013783,64444e-8,9839e-7,0,28971e-8,41166e-8,89664e-8,.0014182,.0017745,89482e-8,.002066,.0014597,.0041676,.0021161,.0043745,.0060879,.0055038,.0042366],[.0014081,70262e-8,.0013359,28971e-8,0,17127e-8,84004e-8,.0017351,.0015247,79847e-8,.0021821,.0018773,.004799,.0021313,.005575,.0071626,.0061575,.0045868],[.001486,86633e-8,.0014696,41166e-8,17127e-8,0,82855e-8,.001558,.0018029,.0010135,.0023362,.0021654,.0055079,.0024959,.0054655,.0072311,.0065016,.004958],[85278e-8,53095e-8,73205e-8,89664e-8,84004e-8,82855e-8,0,85821e-8,.0010643,.0010802,69214e-8,.0017034,.0055091,.0028772,.0051644,.0073351,.0060136,.0036595],[.0013807,.0012017,92558e-8,.0014182,.0017351,.001558,85821e-8,0,.001303,.0013732,.0014539,.0024626,.0049809,.0037032,.0053909,.0069313,.0076283,.0048371],[.0012726,.0010416,.0014104,.0017745,.0015247,.0018029,.0010643,.001303,0,67095e-8,.0015593,.0022269,.0048922,.0030972,.0067416,.0076731,.0067317,.0048016],[89029e-8,49348e-8,99282e-8,89482e-8,79847e-8,.0010135,.0010802,.0013732,67095e-8,0,.001761,.0015757,.0034443,.0018153,.0059007,.006623,.0060982,.0045161],[.0011692,.0010045,87157e-8,.002066,.0021821,.0023362,69214e-8,.0014539,.0015593,.001761,0,.0017812,.0046908,.0034329,.0055871,.007722,.0061445,.0037399],[.0016712,.0013833,.0012441,.0014597,.0018773,.0021654,.0017034,.0024626,.0022269,.0015757,.0017812,0,.0027171,.001929,.0040175,.0055167,.0037284,.0031672],[.0042257,.0038641,.0033962,.0041676,.004799,.0055079,.0055091,.0049809,.0048922,.0034443,.0046908,.0027171,0,.0030589,.0064787,.0070357,.0065756,.0062349],[.0019716,.001962,.0025395,.0021161,.0021313,.0024959,.0028772,.0037032,.0030972,.0018153,.0034329,.001929,.0030589,0,.0048083,.0063006,.0038587,.0033759],[.0053144,.0047024,.0041631,.0043745,.005575,.0054655,.0051644,.0053909,.0067416,.0059007,.0055871,.0040175,.0064787,.0048083,0,.002775,.0028189,.0035944],[.0076651,.0063962,.0057948,.0060879,.0071626,.0072311,.0073351,.0069313,.0076731,.006623,.007722,.0055167,.0070357,.0063006,.002775,0,.0055152,.0058259],[.0054672,.0050302,.0053893,.0055038,.0061575,.0065016,.0060136,.0076283,.0067317,.0060982,.0061445,.0037284,.0065756,.0038587,.0028189,.0055152,0,.0033148],[.0045242,.0038304,.0036899,.0042366,.0045868,.004958,.0036595,.0048371,.0048016,.0045161,.0037399,.0031672,.0062349,.0033759,.0035944,.0058259,.0033148,0]],w:[0,.05,.05],M:[[0,0,0,0,0,0,0,0,0,0,0,0,0,0,0,0,0,0],[.055556,.055556,.055556,.055556,.055556,.055556,.055556,.055556,.055556,.055556,.055556,.055556,.055556,.055556,.055556,.055556,.055556,.055556],[.0611,.081466,.081466,.0611,.10183,.081466,.081466,.040733,.0611,.040733,.040733,.040733,.040733,.040733,.040733,.040733,.040733,.022403]],f:[.0058328,.0068511,.0068511,.0058328,.0078694,.0068511,.0068511,.0048144,.0058328,.0048144,.0048144,.0048144,.0048144,.0048144,.0048144,.0048144,.0048144,.0038979],votes:[2,2,2,2,2,3,2,2,1],tfrac:[.14257,.14257,.1833,.1222,.10183,.1222,.081466,.081466,.022403]}},{NodeType:"Leaf",FrameSpan:[2501,2991],NumSegments:12,NumCandidateKeyframes:12,NumKeyframes:9,Keyframes:[[],[],[],[],[],[],[],[],[]],Descriptors:[],KeyframeSelIdx:[1,2,3,5,6,8,9,11,12],KeyframeAbsIdx:[2521,2551,2571,2611,2641,2811,2831,2911,2971],Metrics:{D:[[0,.0035969,.0014325,.0083489,.004726,.008475,.0074713,.0074308,.0066452,.010348,.0035354,.0032756],[.0035969,0,.0029762,.012242,.0078729,.010847,.0098444,.010206,.0070435,.011962,.0060414,.006145],[.0014325,.0029762,0,.0082518,.0055603,.0087893,.007869,.0082848,.0052636,.011322,.0035232,.0035561],[.0083489,.012242,.0082518,0,.011814,.016044,.015122,.012948,.012724,.019226,.0070808,.0073911],[.004726,.0078729,.0055603,.011814,0,.0048421,.0041451,.0032811,.0073012,.0091114,.0050227,.0047119],[.008475,.010847,.0087893,.016044,.0048421,0,11795e-8,.0075928,.0092272,.011255,.0072822,.0070187],[.0074713,.0098444,.007869,.015122,.0041451,11795e-8,0,.0068593,.0082185,.010024,.0064252,.0061351],[.0074308,.010206,.0082848,.012948,.0032811,.0075928,.0068593,0,.0087468,.012617,.0067028,.0066054],[.0066452,.0070435,.0052636,.012724,.0073012,.0092272,.0082185,.0087468,0,.0079516,.0030062,.0034218],[.010348,.011962,.011322,.019226,.0091114,.011255,.010024,.012617,.0079516,0,.0088601,.0081543],[.0035354,.0060414,.0035232,.0070808,.0050227,.0072822,.0064252,.0067028,.0030062,.0088601,0,12673e-8],[.0032756,.006145,.0035561,.0073911,.0047119,.0070187,.0061351,.0066054,.0034218,.0081543,12673e-8,0]],w:[0,.05,.05],M:[[0,0,0,0,0,0,0,0,0,0,0,0],[.083333,.083333,.083333,.083333,.083333,.083333,.083333,.083333,.083333,.083333,.083333,.083333],[.0611,.0611,.040733,.040733,.040733,.0611,.3055,.040733,.040733,.0611,.16293,.083503]],f:[.0072217,.0072217,.0062033,.0062033,.0062033,.0072217,.019442,.0062033,.0062033,.0072217,.012313,.0083418],votes:[1,1,2,1,2,1,2,1,1],tfrac:[.0611,.0611,.081466,.040733,.3666,.040733,.10183,.16293,.083503]}},{NodeType:"Merge",FrameSpan:[2001,2991],NumSegments:30,NumCandidateKeyframes:18,NumKeyframes:9,Keyframes:[[],[],[],[],[],[],[],[],[]],Descriptors:[],KeyframeSelIdx:[1,2,3,6,12,14,15,16,17],KeyframeAbsIdx:[2021,2091,2171,2371,2571,2641,2811,2831,2911],Metrics:{D:[[0,1622e-7,2492e-7,15092e-8,22522e-8,29577e-8,34892e-8,.0013565,80067e-8,.0018844,.0046894,.0024106,.0035658,.0059258,.0056874,.004839,.0024491,.0022945],[1622e-7,0,23642e-8,12956e-8,24961e-8,22018e-8,44943e-8,.0010255,65303e-8,.001465,.0043741,.0020381,.0032713,.0059926,.0053968,.0046377,.0020439,.0018856],[2492e-7,23642e-8,0,14867e-8,26983e-8,33224e-8,37719e-8,.0012676,81175e-8,.0020664,.0047638,.0027563,.0036662,.0063815,.0056224,.0053054,.0026703,.002441],[15092e-8,12956e-8,14867e-8,0,18835e-8,30147e-8,5092e-7,.0012981,64764e-8,.0019705,.0051205,.0026529,.0038303,.0065833,.0059893,.0054205,.002713,.0025128],[22522e-8,24961e-8,26983e-8,18835e-8,0,39411e-8,54813e-8,.001358,84976e-8,.0018273,.0049888,.002571,.0035548,.0063324,.0057942,.0053385,.0027995,.002531],[29577e-8,22018e-8,33224e-8,30147e-8,39411e-8,0,34139e-8,97632e-8,56053e-8,.0015756,.0042653,.0023351,.0029791,.0054784,.0049561,.0050629,.0024098,.002247],[34892e-8,44943e-8,37719e-8,5092e-7,54813e-8,34139e-8,0,.001115,59745e-8,.00156,.0035718,.0021574,.0031973,.0052932,.0052166,.0052647,.0027754,.0026203],[.0013565,.0010255,.0012676,.0012981,.001358,97632e-8,.001115,0,.001031,.0015859,.0029705,.0018195,.0036118,.0064454,.005695,.0055425,.0027241,.0025889],[80067e-8,65303e-8,81175e-8,64764e-8,84976e-8,56053e-8,59745e-8,.001031,0,.0013441,.003449,.0017889,.0038654,.0065002,.0062004,.0054988,.0031748,.0030552],[.0018844,.001465,.0020664,.0019705,.0018273,.0015756,.00156,.0015859,.0013441,0,.0030067,.0011975,.0039506,.0070844,.0062116,.0055549,.0029553,.0027381],[.0046894,.0043741,.0047638,.0051205,.0049888,.0042653,.0035718,.0029705,.003449,.0030067,0,.0024878,.0065812,.0090673,.0085318,.0058878,.0050501,.0051367],[.0024106,.0020381,.0027563,.0026529,.002571,.0023351,.0021574,.0018195,.0017889,.0011975,.0024878,0,.004648,.0073472,.0069255,.0044,.0029451,.0029726],[.0035658,.0032713,.0036662,.0038303,.0035548,.0029791,.0031973,.0036118,.0038654,.0039506,.0065812,.004648,0,.0040476,.0027427,.0061032,.0041986,.0039388],[.0059258,.0059926,.0063815,.0065833,.0063324,.0054784,.0052932,.0064454,.0065002,.0070844,.0090673,.0073472,.0040476,0,.006347,.0077133,.0060873,.0058671],[.0056874,.0053968,.0056224,.0059893,.0057942,.0049561,.0052166,.005695,.0062004,.0062116,.0085318,.0069255,.0027427,.006347,0,.0073116,.005603,.0055216],[.004839,.0046377,.0053054,.0054205,.0053385,.0050629,.0052647,.0055425,.0054988,.0055549,.0058878,.0044,.0061032,.0077133,.0073116,0,.002513,.0028603],[.0024491,.0020439,.0026703,.002713,.0027995,.0024098,.0027754,.0027241,.0031748,.0029553,.0050501,.0029451,.0041986,.0060873,.005603,.002513,0,10594e-8],[.0022945,.0018856,.002441,.0025128,.002531,.002247,.0026203,.0025889,.0030552,.0027381,.0051367,.0029726,.0039388,.0058671,.0055216,.0028603,10594e-8,0]],w:[0,.05,.05],M:[[0,0,0,0,0,0,0,0,0,0,0,0,0,0,0,0,0,0],[.066667,.066667,.066667,.066667,.066667,.1,.066667,.066667,.033333,.033333,.033333,.066667,.033333,.066667,.033333,.066667,.033333,.033333],[.071283,.071283,.09165,.0611,.050916,.0611,.040733,.040733,.011202,.03055,.03055,.040733,.020367,.1833,.020367,.050916,.081466,.041752]],f:[.0068975,.0068975,.0079158,.0063883,.0058792,.008055,.00537,.00537,.0022267,.0031942,.0031942,.00537,.002685,.012498,.002685,.0058792,.00574,.0037542],votes:[2,2,4,10,5,2,1,2,2],tfrac:[.071283,.071283,.15275,.20468,.1222,.1833,.020367,.050916,.12322]}},{NodeType:"Leaf",FrameSpan:[3001,3491],NumSegments:10,NumCandidateKeyframes:10,NumKeyframes:9,Keyframes:[[],[],[],[],[],[],[],[],[]],Descriptors:[],KeyframeSelIdx:[1,2,3,4,5,7,8,9,10],KeyframeAbsIdx:[3051,3121,3181,3211,3241,3331,3381,3451,3491],Metrics:{D:[[0,.0047352,.0029209,.0051938,.014688,.03028,.0067943,.0028213,.0058299,.0083446],[.0047352,0,.0023379,.0075454,.017263,.030081,.0058169,.001885,.0060387,.01097],[.0029209,.0023379,0,.0067972,.014649,.028414,.0063402,.0029913,.006183,.010585],[.0051938,.0075454,.0067972,0,.016871,.033965,.0097682,.0054458,.0098599,.012925],[.014688,.017263,.014649,.016871,0,.0048154,.0066563,.013982,.0074698,.015921],[.03028,.030081,.028414,.033965,.0048154,0,.013741,.027368,.016109,.029613],[.0067943,.0058169,.0063402,.0097682,.0066563,.013741,0,.0040798,97636e-8,.010392],[.0028213,.001885,.0029913,.0054458,.013982,.027368,.0040798,0,.0033627,.0085855],[.0058299,.0060387,.006183,.0098599,.0074698,.016109,97636e-8,.0033627,0,.0085848],[.0083446,.01097,.010585,.012925,.015921,.029613,.010392,.0085855,.0085848,0]],w:[0,.05,.05],M:[[0,0,0,0,0,0,0,0,0,0],[.1,.1,.1,.1,.1,.1,.1,.1,.1,.1],[.1833,.1222,.10183,.040733,.081466,.10183,.081466,.1222,.14257,.022403]],f:[.014165,.01111,.010092,.0070367,.0090733,.010092,.0090733,.01111,.012128,.0061202],votes:[1,1,1,1,2,1,1,1,1],tfrac:[.1833,.1222,.10183,.040733,.1833,.081466,.1222,.14257,.022403]}},{NodeType:"Leaf",FrameSpan:[3501,3991],NumSegments:10,NumCandidateKeyframes:10,NumKeyframes:9,Keyframes:[[],[],[],[],[],[],[],[],[]],Descriptors:[],KeyframeSelIdx:[1,2,3,4,5,7,8,9,10],KeyframeAbsIdx:[3521,3571,3621,3691,3751,3811,3831,3881,3961],Metrics:{D:[[0,.0018747,.014191,.028561,.023791,.022777,.022322,.023505,.022713,.021243],[.0018747,0,.0091202,.022185,.017618,.016855,.016335,.017538,.016014,.015301],[.014191,.0091202,0,.004129,.010116,.0098934,.0095882,.010727,.0091776,.0085247],[.028561,.022185,.004129,0,.012309,.012664,.012497,.013037,.012176,.010887],[.023791,.017618,.010116,.012309,0,.0040888,.0046874,.0059688,.0041036,.0040618],[.022777,.016855,.0098934,.012664,.0040888,0,.001504,.0028768,.0032269,.0036048],[.022322,.016335,.0095882,.012497,.0046874,.001504,0,.0031265,.0023418,.0032117],[.023505,.017538,.010727,.013037,.0059688,.0028768,.0031265,0,.0042734,.0037637],[.022713,.016014,.0091776,.012176,.0041036,.0032269,.0023418,.0042734,0,.0014872],[.021243,.015301,.0085247,.010887,.0040618,.0036048,.0032117,.0037637,.0014872,0]],
