<script src="https://ajax.googleapis.com/ajax/libs/jquery/1.11.3/jquery.min.js"></script>

<script>

  var data = {"NumSpannedFrames":5991,"NumProcessedFrames":600,"LeafSize":50,"NumSegments":159,"NumNodes":23,"T12":[[1,491],[501,991],[1,991],[1001,1491],[1501,1991],[1001,1991],[1,1991],[2001,2491],[2501,2991],[2001,2991],[3001,3491],[3501,3991],[3001,3991],[2001,3991],[1,3991],[4001,4491],[4501,4991],[4001,4991],[5001,5491],[5501,5991],[5001,5991],[4001,5991],[1,5991]],"Nodes":[3,3,7,6,6,7,15,10,10,14,13,13,14,15,23,18,18,22,21,21,22,23,0],"Data":[{"NodeType":"Leaf","FrameSpan":[1,491],"NumSegments":11,"NumCandidateKeyframes":11,"NumKeyframes":9,"Keyframes":[[],[],[],[],[],[],[],[],[]],"Descriptors":[],"KeyframeSelIdx":[1,2,3,5,6,7,9,10,11],"KeyframeAbsIdx":[31,81,161,241,311,381,431,451,481],"Metrics":{"D":[[0,0.0016563,0.0018348,0.0058758,0.015356,0.016654,0.012178,0.014092,0.012885,0.012193,0.012464],[0.0016563,0,7.2736e-05,0.0060171,0.017201,0.018235,0.013216,0.016088,0.014551,0.012745,0.013664],[0.0018348,7.2736e-05,0,0.0057498,0.018187,0.019215,0.014113,0.016446,0.015138,0.013784,0.014402],[0.0058758,0.0060171,0.0057498,0,0.017044,0.01752,0.012695,0.011059,0.011203,0.012588,0.012095],[0.015356,0.017201,0.018187,0.017044,0,0.00015118,0.0011551,0.0040014,0.0046694,0.0053569,0.0049325],[0.016654,0.018235,0.019215,0.01752,0.00015118,0,0.001341,0.0038867,0.0046616,0.0055972,0.0050759],[0.012178,0.013216,0.014113,0.012695,0.0011551,0.001341,0,0.0038889,0.0031911,0.0032638,0.0031994],[0.014092,0.016088,0.016446,0.011059,0.0040014,0.0038867,0.0038889,0,0.0024917,0.0055034,0.0045288],[0.012885,0.014551,0.015138,0.011203,0.0046694,0.0046616,0.0031911,0.0024917,0,0.0022718,0.00084875],[0.012193,0.012745,0.013784,0.012588,0.0053569,0.0055972,0.0032638,0.0055034,0.0022718,0,0.0017686],[0.012464,0.013664,0.014402,0.012095,0.0049325,0.0050759,0.0031994,0.0045288,0.00084875,0.0017686,0]],"w":[0,0.05,0.05],"M":[[0,0,0,0,0,0,0,0,0,0,0],[0.090909,0.090909,0.090909,0.090909,0.090909,0.090909,0.090909,0.090909,0.090909,0.090909,0.090909],[0.10183,0.1222,0.20367,0.040733,0.040733,0.22403,0.081466,0.040733,0.040733,0.040733,0.063136]],"f":[0.0096371,0.010655,0.014729,0.0065821,0.0065821,0.015747,0.0086188,0.0065821,0.0065821,0.0065821,0.0077023],"votes":[1,1,2,1,1,2,1,1,1],"tfrac":[0.10183,0.1222,0.2444,0.040733,0.22403,0.1222,0.040733,0.040733,0.063136]}},{"NodeType":"Leaf","FrameSpan":[501,991],"NumSegments":14,"NumCandidateKeyframes":14,"NumKeyframes":9,"Keyframes":[[],[],[],[],[],[],[],[],[]],"Descriptors":[],"KeyframeSelIdx":[1,2,4,6,7,9,11,13,14],"KeyframeAbsIdx":[521,551,661,741,761,801,871,971,991],"Metrics":{"D":[[0,0.0015107,0.0016748,0.0031887,0.0054026,0.0045663,0.0071041,0.018196,0.0078077,0.0058023,0.0047665,0.0061517,0.0029926,0.0081702],[0.0015107,0,0.00048031,0.00073371,0.0029482,0.002821,0.0038246,0.015388,0.0045974,0.0031391,0.0025972,0.003385,0.0025556,0.0044615],[0.0016748,0.00048031,0,0.00080008,0.0030495,0.0027647,0.0039718,0.015443,0.0061315,0.0043595,0.0038398,0.004698,0.0031277,0.0048771],[0.0031887,0.00073371,0.00080008,0,0.0022157,0.0018153,0.0026094,0.014767,0.0050487,0.0032554,0.0029656,0.0031572,0.0039903,0.0037836],[0.0054026,0.0029482,0.0030495,0.0022157,0,0.0020167,0.0035447,0.014369,0.0076231,0.005266,0.0053612,0.0050637,0.0049085,0.0042768],[0.0045663,0.002821,0.0027647,0.0018153,0.0020167,0,0.0023027,0.014384,0.0068022,0.0045589,0.0042775,0.0040181,0.0043754,0.0050299],[0.0071041,0.0038246,0.0039718,0.0026094,0.0035447,0.0023027,0,0.013883,0.0032326,0.0027104,0.0041176,0.0037623,0.0055514,0.0031589],[0.018196,0.015388,0.015443,0.014767,0.014369,0.014384,0.013883,0,0.017211,0.015826,0.015936,0.016201,0.016838,0.014886],[0.0078077,0.0045974,0.0061315,0.0050487,0.0076231,0.0068022,0.0032326,0.017211,0,0.0018064,0.002806,0.003715,0.0057277,0.0048488],[0.0058023,0.0031391,0.0043595,0.0032554,0.005266,0.0045589,0.0027104,0.015826,0.0018064,0,0.00072995,0.0011476,0.0041576,0.0027246],[0.0047665,0.0025972,0.0038398,0.0029656,0.0053612,0.0042775,0.0041176,0.015936,0.002806,0.00072995,0,0.00068523,0.0036562,0.0034131],[0.0061517,0.003385,0.004698,0.0031572,0.0050637,0.0040181,0.0037623,0.016201,0.003715,0.0011476,0.00068523,0,0.0048698,0.0024877],[0.0029926,0.0025556,0.0031277,0.0039903,0.0049085,0.0043754,0.0055514,0.016838,0.0057277,0.0041576,0.0036562,0.0048698,0,0.0047959],[0.0081702,0.0044615,0.0048771,0.0037836,0.0042768,0.0050299,0.0031589,0.014886,0.0048488,0.0027246,0.0034131,0.0024877,0.0047959,0]],"w":[0,0.05,0.05],"M":[[0,0,0,0,0,0,0,0,0,0,0,0,0,0],[0.071429,0.071429,0.071429,0.071429,0.071429,0.071429,0.071429,0.071429,0.071429,0.071429,0.071429,0.071429,0.071429,0.071429],[0.0611,0.081466,0.1222,0.10183,0.081466,0.0611,0.040733,0.040733,0.040733,0.0611,0.1222,0.10183,0.0611,0.022403]],"f":[0.0066264,0.0076447,0.0096814,0.0086631,0.0076447,0.0066264,0.0056081,0.0056081,0.0056081,0.0066264,0.0096814,0.0086631,0.0066264,0.0046916],"votes":[1,2,2,1,2,2,2,1,1],"tfrac":[0.0611,0.20367,0.1833,0.0611,0.081466,0.10183,0.22403,0.0611,0.022403]}},{"NodeType":"Merge","FrameSpan":[1,991],"NumSegments":25,"NumCandidateKeyframes":18,"NumKeyframes":9,"Keyframes":[[],[],[],[],[],[],[],[],[]],"Descriptors":[],"KeyframeSelIdx":[1,3,5,6,11,12,14,15,16],"KeyframeAbsIdx":[31,161,311,381,551,661,761,801,871],"Metrics":{"D":[[0,0.00090794,0.0010058,0.0084177,0.0091297,0.0066759,0.0070637,0.0066838,0.0068323,0.0063204,0.0068442,0.0073375,0.0076904,0.0084286,0.0082909,0.0073032,0.00784,0.0079434],[0.00090794,0,3.9873e-05,0.0094293,0.0099963,0.0072451,0.0079766,0.0069866,0.0074903,0.0070245,0.0075601,0.0081447,0.0086266,0.0093019,0.0091126,0.0081597,0.0087429,0.0088194],[0.0010058,3.9873e-05,0,0.0099698,0.010533,0.0077364,0.0082985,0.007556,0.0078951,0.0073464,0.0079919,0.0085897,0.0090133,0.0098084,0.0096045,0.008574,0.0092004,0.0093575],[0.0084177,0.0094293,0.0099698,0,8.2873e-05,0.00063323,0.0025597,0.0029366,0.002704,0.0028262,0.0021813,0.0021561,0.0023835,0.0019125,0.0018723,0.0019171,0.0025348,0.0021037],[0.0091297,0.0099963,0.010533,8.2873e-05,0,0.00073512,0.0025554,0.0030683,0.0027826,0.0029215,0.0022332,0.0021767,0.0023315,0.0019213,0.0019267,0.0019584,0.0025179,0.0021856],[0.0066759,0.0072451,0.0077364,0.00063323,0.00073512,0,0.0017493,0.0017892,0.0017539,0.0018796,0.0013727,0.0014417,0.0016519,0.0013859,0.0014187,0.001385,0.0018127,0.0014313],[0.0070637,0.0079766,0.0082985,0.0025597,0.0025554,0.0017493,0,0.0012454,0.00046528,0.00033006,0.00034861,0.00055245,0.00065368,0.00097969,0.00082265,0.00052952,0.00047872,0.0012538],[0.0066838,0.0069866,0.007556,0.0029366,0.0030683,0.0017892,0.0012454,0,0.00096952,0.0011434,0.00094887,0.0013503,0.0017675,0.0017926,0.0016549,0.0016001,0.0013183,0.0019454],[0.0068323,0.0074903,0.0078951,0.002704,0.0027826,0.0017539,0.00046528,0.00096952,0,0.00016659,0.00034425,0.00063192,0.00084315,0.0010192,0.0011165,0.0009545,0.0004216,0.001262],[0.0063204,0.0070245,0.0073464,0.0028262,0.0029215,0.0018796,0.00033006,0.0011434,0.00016659,0,0.00023852,0.00050345,0.00072096,0.0011216,0.0012327,0.00075258,0.00047249,0.00129],[0.0068442,0.0075601,0.0079919,0.0021813,0.0022332,0.0013727,0.00034861,0.00094887,0.00034425,0.00023852,0,0.00011584,0.00044541,0.00060386,0.00072587,0.00041007,0.00040351,0.00070442],[0.0073375,0.0081447,0.0085897,0.0021561,0.0021767,0.0014417,0.00055245,0.0013503,0.00063192,0.00050345,0.00011584,0,0.00028661,0.00041199,0.00079712,0.00046824,0.00063003,0.00059738],[0.0076904,0.0086266,0.0090133,0.0023835,0.0023315,0.0016519,0.00065368,0.0017675,0.00084315,0.00072096,0.00044541,0.00028661,0,0.00036357,0.001074,0.00067537,0.00069082,0.00079416],[0.0084286,0.0093019,0.0098084,0.0019125,0.0019213,0.0013859,0.00097969,0.0017926,0.0010192,0.0011216,0.00060386,0.00041199,0.00036357,0,0.00051039,0.00065012,0.0008765,0.00049876],[0.0082909,0.0091126,0.0096045,0.0018723,0.0019267,0.0014187,0.00082265,0.0016549,0.0011165,0.0012327,0.00072587,0.00079712,0.001074,0.00051039,0,0.00044304,0.00090433,0.00076557],[0.0073032,0.0081597,0.008574,0.0019171,0.0019584,0.001385,0.00052952,0.0016001,0.0009545,0.00075258,0.00041007,0.00046824,0.00067537,0.00065012,0.00044304,0,0.00057727,0.00053888],[0.00784,0.0087429,0.0092004,0.0025348,0.0025179,0.0018127,0.00047872,0.0013183,0.0004216,0.00047249,0.00040351,0.00063003,0.00069082,0.0008765,0.00090433,0.00057727,0,0.00075722],[0.0079434,0.0088194,0.0093575,0.0021037,0.0021856,0.0014313,0.0012538,0.0019454,0.001262,0.00129,0.00070442,0.00059738,0.00079416,0.00049876,0.00076557,0.00053888,0.00075722,0]],"w":[0,0.05,0.05],"M":[[0,0,0,0,0,0,0,0,0,0,0,0,0,0,0,0,0,0],[0.04,0.04,0.08,0.04,0.04,0.08,0.04,0.04,0.04,0.04,0.08,0.08,0.04,0.08,0.08,0.08,0.04,0.04],[0.050916,0.0611,0.1222,0.020367,0.11202,0.0611,0.020367,0.020367,0.031568,0.03055,0.10183,0.09165,0.03055,0.040733,0.050916,0.11202,0.03055,0.011202]],"f":[0.0045458,0.005055,0.01011,0.0030183,0.0076008,0.007055,0.0030183,0.0030183,0.0035784,0.0035275,0.0090916,0.0085825,0.0035275,0.0060367,0.0065458,0.0096008,0.0035275,0.0025601],"votes":[2,3,1,4,4,3,2,2,4],"tfrac":[0.11202,0.14257,0.11202,0.10183,0.16395,0.1222,0.040733,0.050916,0.15377]}},{"NodeType":"Leaf","FrameSpan":[1001,1491],"NumSegments":12,"NumCandidateKeyframes":12,"NumKeyframes":9,"Keyframes":[[],[],[],[],[],[],[],[],[]],"Descriptors":[],"KeyframeSelIdx":[1,2,3,5,6,8,9,11,12],"KeyframeAbsIdx":[1031,1071,1091,1161,1211,1341,1391,1451,1481],"Metrics":{"D":[[0,0.00024768,0.02247,0.012253,0.0050275,0.0030667,0.00309,0.0040708,0.014136,0.0071656,0.0090049,0.0060452],[0.00024768,0,0.023204,0.011791,0.0050461,0.0029968,0.0028973,0.0040432,0.013438,0.0075714,0.0092441,0.0065771],[0.02247,0.023204,0,0.01341,0.017202,0.022359,0.019756,0.019318,0.016978,0.012684,0.011898,0.01543],[0.012253,0.011791,0.01341,0,0.0034452,0.0079522,0.0061784,0.0052843,0.0016809,0.0064567,0.0058034,0.0083659],[0.0050275,0.0050461,0.017202,0.0034452,0,0.0024475,0.0018417,0.0012974,0.0043334,0.0040479,0.0049034,0.0043802],[0.0030667,0.0029968,0.022359,0.0079522,0.0024475,0,0.0005422,0.00076585,0.010002,0.0053926,0.0072409,0.0047477],[0.00309,0.0028973,0.019756,0.0061784,0.0018417,0.0005422,0,0.00033706,0.0078737,0.0050632,0.0065541,0.0049368],[0.0040708,0.0040432,0.019318,0.0052843,0.0012974,0.00076585,0.00033706,0,0.0071337,0.0046277,0.0059241,0.0046038],[0.014136,0.013438,0.016978,0.0016809,0.0043334,0.010002,0.0078737,0.0071337,0,0.0093519,0.009198,0.011702],[0.0071656,0.0075714,0.012684,0.0064567,0.0040479,0.0053926,0.0050632,0.0046277,0.0093519,0,0.00087404,0.00089646],[0.0090049,0.0092441,0.011898,0.0058034,0.0049034,0.0072409,0.0065541,0.0059241,0.009198,0.00087404,0,0.0013893],[0.0060452,0.0065771,0.01543,0.0083659,0.0043802,0.0047477,0.0049368,0.0046038,0.011702,0.00089646,0.0013893,0]],"w":[0,0.05,0.05],"M":[[0,0,0,0,0,0,0,0,0,0,0,0],[0.083333,0.083333,0.083333,0.083333,0.083333,0.083333,0.083333,0.083333,0.083333,0.083333,0.083333,0.083333],[0.10183,0.0611,0.040733,0.081466,0.081466,0.10183,0.16293,0.1222,0.0611,0.0611,0.0611,0.063136]],"f":[0.0092583,0.0072217,0.0062033,0.00824,0.00824,0.0092583,0.012313,0.010277,0.0072217,0.0072217,0.0072217,0.0073235],"votes":[1,1,2,1,2,1,2,1,1],"tfrac":[0.10183,0.0611,0.1222,0.081466,0.26477,0.1222,0.1222,0.0611,0.063136]}},{"NodeType":"Leaf","FrameSpan":[1501,1991],"NumSegments":15,"NumCandidateKeyframes":15,"NumKeyframes":9,"Keyframes":[[],[],[],[],[],[],[],[],[]],"Descriptors":[],"KeyframeSelIdx":[1,2,4,6,8,10,12,14,15],"KeyframeAbsIdx":[1521,1561,1641,1691,1811,1881,1941,1981,1991],"Metrics":{"D":[[0,0.00018177,0.00012491,0.0022411,0.0030427,0.001893,0.0014819,0.0015373,0.0022345,0.0030974,0.0053571,0.0048773,0.0069246,0.0060831,0.0055563],[0.00018177,0,0.00031634,0.0025979,0.0035912,0.0020491,0.0017258,0.0018508,0.0024186,0.0028669,0.0050456,0.004594,0.0067719,0.0058626,0.0049911],[0.00012491,0.00031634,0,0.0020553,0.0028991,0.0014716,0.0010961,0.001264,0.0023843,0.0033758,0.0057345,0.0050181,0.0066463,0.0061495,0.0052486],[0.0022411,0.0025979,0.0020553,0,0.00054776,0.0013669,0.0012562,0.0020143,0.0060744,0.0079536,0.011796,0.011562,0.012413,0.011256,0.011223],[0.0030427,0.0035912,0.0028991,0.00054776,0,0.0018345,0.0019957,0.0023391,0.0063427,0.00903,0.013099,0.012995,0.013401,0.011803,0.012267],[0.001893,0.0020491,0.0014716,0.0013669,0.0018345,0,0.0004153,0.00069077,0.0036127,0.0056692,0.0093747,0.008677,0.008342,0.0078768,0.0069113],[0.0014819,0.0017258,0.0010961,0.0012562,0.0019957,0.0004153,0,0.00061447,0.0036033,0.0051857,0.0086344,0.0081084,0.0076389,0.0078309,0.0067431],[0.0015373,0.0018508,0.001264,0.0020143,0.0023391,0.00069077,0.00061447,0,0.0023007,0.0046406,0.0080715,0.0076635,0.0071177,0.0062423,0.0058279],[0.0022345,0.0024186,0.0023843,0.0060744,0.0063427,0.0036127,0.0036033,0.0023007,0,0.0012882,0.0031898,0.0035568,0.0038237,0.003134,0.0030337],[0.0030974,0.0028669,0.0033758,0.0079536,0.00903,0.0056692,0.0051857,0.0046406,0.0012882,0,0.00095279,0.0019689,0.0026457,0.003224,0.0025286],[0.0053571,0.0050456,0.0057345,0.011796,0.013099,0.0093747,0.0086344,0.0080715,0.0031898,0.00095279,0,0.0010364,0.0031219,0.0044468,0.0035284],[0.0048773,0.004594,0.0050181,0.011562,0.012995,0.008677,0.0081084,0.0076635,0.0035568,0.0019689,0.0010364,0,0.0036484,0.0044075,0.0031076],[0.0069246,0.0067719,0.0066463,0.012413,0.013401,0.008342,0.0076389,0.0071177,0.0038237,0.0026457,0.0031219,0.0036484,0,0.0049253,0.0028393],[0.0060831,0.0058626,0.0061495,0.011256,0.011803,0.0078768,0.0078309,0.0062423,0.003134,0.003224,0.0044468,0.0044075,0.0049253,0,0.0025699],[0.0055563,0.0049911,0.0052486,0.011223,0.012267,0.0069113,0.0067431,0.0058279,0.0030337,0.0025286,0.0035284,0.0031076,0.0028393,0.0025699,0]],"w":[0,0.05,0.05],"M":[[0,0,0,0,0,0,0,0,0,0,0,0,0,0,0],[0.066667,0.066667,0.066667,0.066667,0.066667,0.066667,0.066667,0.066667,0.066667,0.066667,0.066667,0.066667,0.066667,0.066667,0.066667],[0.081466,0.0611,0.1222,0.040733,0.040733,0.0611,0.1833,0.081466,0.0611,0.0611,0.0611,0.0611,0.040733,0.040733,0.0020367]],"f":[0.0074067,0.0063883,0.0094433,0.00537,0.00537,0.0063883,0.012498,0.0074067,0.0063883,0.0063883,0.0063883,0.0063883,0.00537,0.00537,0.0034352],"votes":[1,2,2,2,2,2,2,1,1],"tfrac":[0.081466,0.1833,0.081466,0.2444,0.14257,0.1222,0.10183,0.040733,0.0020367]}},{"NodeType":"Merge","FrameSpan":[1001,1991],"NumSegments":27,"NumCandidateKeyframes":18,"NumKeyframes":9,"Keyframes":[[],[],[],[],[],[],[],[],[]],"Descriptors":[],"KeyframeSelIdx":[3,5,7,11,12,13,14,15,16],"KeyframeAbsIdx":[1091,1211,1391,1561,1641,1691,1811,1881,1941],"Metrics":{"D":[[0,0.00013759,0.012483,0.0027929,0.0017036,0.0022614,0.0078531,0.0050024,0.0033582,0.0027571,0.0028032,0.0049863,0.0040408,0.0035416,0.0012392,0.0012943,0.0021045,0.0020827],[0.00013759,0,0.01289,0.0028032,0.0016648,0.0022461,0.0074653,0.0051353,0.0036537,0.0030326,0.0031229,0.0052035,0.0042361,0.0036738,0.0014521,0.0015157,0.0021597,0.0022739],[0.012483,0.01289,0,0.0095563,0.012421,0.010732,0.0094318,0.0066094,0.0085719,0.0085767,0.0087717,0.009396,0.011198,0.0095851,0.0096953,0.011454,0.010681,0.012411],[0.0027929,0.0028032,0.0095563,0,0.0013596,0.00072072,0.0024073,0.0027239,0.0024333,0.0019329,0.0020471,0.0035143,0.0025457,0.0017973,0.0015987,0.0020416,0.0015768,0.0012515],[0.0017036,0.0016648,0.012421,0.0013596,0,0.00042545,0.0055566,0.0040225,0.0026375,0.0022148,0.0021289,0.0038348,0.0026561,0.0022349,0.00083998,0.0011954,0.00097133,0.00064147],[0.0022614,0.0022461,0.010732,0.00072072,0.00042545,0,0.0039629,0.003291,0.0025575,0.0020979,0.0020883,0.0036996,0.0025678,0.0019025,0.00098832,0.0014774,0.00097821,0.00064],[0.0078531,0.0074653,0.0094318,0.0024073,0.0055566,0.0039629,0,0.0051097,0.0065005,0.0060906,0.0064444,0.0070675,0.0064366,0.0049916,0.0062781,0.007201,0.0054197,0.0058723],[0.0050024,0.0051353,0.0066094,0.0027239,0.0040225,0.003291,0.0051097,0,0.00077179,0.00080851,0.0010476,0.00053702,0.0010587,0.00081002,0.0024933,0.0036045,0.0032713,0.0035143],[0.0033582,0.0036537,0.0085719,0.0024333,0.0026375,0.0025575,0.0065005,0.00077179,0,8.7865e-05,9.2044e-05,0.00047684,0.00049184,0.00046067,0.0012469,0.0018887,0.002165,0.0020411],[0.0027571,0.0030326,0.0085767,0.0019329,0.0022148,0.0020979,0.0060906,0.00080851,8.7865e-05,0,5.4313e-05,0.00066964,0.00056563,0.00045934,0.00092547,0.0014573,0.0018176,0.0016602],[0.0028032,0.0031229,0.0087717,0.0020471,0.0021289,0.0020883,0.0064444,0.0010476,9.2044e-05,5.4313e-05,0,0.00077622,0.00061226,0.00055302,0.0008566,0.0013727,0.0017517,0.0014913],[0.0049863,0.0052035,0.009396,0.0035143,0.0038348,0.0036996,0.0070675,0.00053702,0.00047684,0.00066964,0.00077622,0,0.00040841,0.00060186,0.0023765,0.0034547,0.0033632,0.0033534],[0.0040408,0.0042361,0.011198,0.0025457,0.0026561,0.0025678,0.0064366,0.0010587,0.00049184,0.00056563,0.00061226,0.00040841,0,0.0002064,0.0016939,0.0025926,0.0023535,0.0020651],[0.0035416,0.0036738,0.0095851,0.0017973,0.0022349,0.0019025,0.0049916,0.00081002,0.00046067,0.00045934,0.00055302,0.00060186,0.0002064,0,0.0013866,0.0022898,0.0018652,0.0017413],[0.0012392,0.0014521,0.0096953,0.0015987,0.00083998,0.00098832,0.0062781,0.0024933,0.0012469,0.00092547,0.0008566,0.0023765,0.0016939,0.0013866,0,0.0005883,0.00096331,0.00075552],[0.0012943,0.0015157,0.011454,0.0020416,0.0011954,0.0014774,0.007201,0.0036045,0.0018887,0.0014573,0.0013727,0.0034547,0.0025926,0.0022898,0.0005883,0,0.0013169,0.00092854],[0.0021045,0.0021597,0.010681,0.0015768,0.00097133,0.00097821,0.0054197,0.0032713,0.002165,0.0018176,0.0017517,0.0033632,0.0023535,0.0018652,0.00096331,0.0013169,0,0.00076788],[0.0020827,0.0022739,0.012411,0.0012515,0.00064147,0.00064,0.0058723,0.0035143,0.0020411,0.0016602,0.0014913,0.0033534,0.0020651,0.0017413,0.00075552,0.00092854,0.00076788,0]],"w":[0,0.05,0.05],"M":[[0,0,0,0,0,0,0,0,0,0,0,0,0,0,0,0,0,0],[0.037037,0.037037,0.074074,0.037037,0.074074,0.037037,0.074074,0.037037,0.037037,0.037037,0.074074,0.074074,0.074074,0.074074,0.074074,0.074074,0.037037,0.037037],[0.050916,0.03055,0.0611,0.040733,0.13238,0.0611,0.0611,0.03055,0.031568,0.040733,0.09165,0.040733,0.1222,0.071283,0.0611,0.050916,0.020367,0.0010183]],"f":[0.0043977,0.0033793,0.0067587,0.0038885,0.010323,0.0049068,0.0067587,0.0033793,0.0034303,0.0038885,0.0082862,0.0057404,0.0098137,0.0072679,0.0067587,0.0062495,0.0028702,0.0019028],"votes":[5,3,4,3,2,2,2,2,4],"tfrac":[0.1833,0.19348,0.12322,0.13238,0.040733,0.1222,0.071283,0.0611,0.072301]}},{"NodeType":"Merge","FrameSpan":[1,1991],"NumSegments":52,"NumCandidateKeyframes":18,"NumKeyframes":9,"Keyframes":[[],[],[],[],[],[],[],[],[]],"Descriptors":[],"KeyframeSelIdx":[2,4,5,9,10,11,12,13,18],"KeyframeAbsIdx":[161,381,551,871,1091,1211,1391,1561,1941],"Metrics":{"D":[[0,0.00078683,0.0071419,0.0052223,0.005354,0.0057399,0.0065934,0.0064857,0.0057131,0.011561,0.0058735,0.010325,0.0030554,0.0028333,0.0029949,0.0035576,0.0043574,0.0053189],[0.00078683,0,0.0082398,0.0060519,0.0062518,0.0067194,0.0076728,0.0075133,0.0067071,0.012589,0.0067613,0.011383,0.0038109,0.0036793,0.0036815,0.0042439,0.0051582,0.0061169],[0.0071419,0.0082398,0,0.00057506,0.0017469,0.0017028,0.001503,0.0015072,0.001532,0.010357,0.0020181,0.0054067,0.0028467,0.0043396,0.0033682,0.0030671,0.0021455,0.0023854],[0.0052223,0.0060519,0.00057506,0,0.0010738,0.0011278,0.0010841,0.0011098,0.0010835,0.0097399,0.0011649,0.0048737,0.0014449,0.0025411,0.0017112,0.0015952,0.0011609,0.0014605],[0.005354,0.0062518,0.0017469,0.0010738,0,9.0621e-05,0.00047238,0.00056782,0.00032078,0.0064082,0.00077906,0.0032525,0.00097127,0.0020396,0.0014088,0.0010102,0.00055544,0.001012],[0.0057399,0.0067194,0.0017028,0.0011278,9.0621e-05,0,0.00032229,0.00062356,0.00036629,0.0071642,0.00094161,0.0037208,0.0013407,0.0025775,0.0018359,0.0014565,0.000758,0.0011389],[0.0065934,0.0076728,0.001503,0.0010841,0.00047238,0.00032229,0,0.00039926,0.00050857,0.0086391,0.0010508,0.0038165,0.0018878,0.0033423,0.0024089,0.0020228,0.0010874,0.0012223],[0.0064857,0.0075133,0.0015072,0.0011098,0.00056782,0.00062356,0.00039926,0,0.00034658,0.0081872,0.00085352,0.0035626,0.0018334,0.0031421,0.0023897,0.0019628,0.001043,0.0012916],[0.0057131,0.0067071,0.001532,0.0010835,0.00032078,0.00036629,0.00050857,0.00034658,0,0.0066544,0.00084681,0.0037439,0.0013051,0.0025671,0.0020415,0.001639,0.0005748,0.0009348],[0.011561,0.012589,0.010357,0.0097399,0.0064082,0.0071642,0.0086391,0.0081872,0.0066544,0,0.0088028,0.0066844,0.0062166,0.006659,0.0079364,0.006793,0.0068711,0.0081174],[0.0058735,0.0067613,0.0020181,0.0011649,0.00077906,0.00094161,0.0010508,0.00085352,0.00084681,0.0088028,0,0.003938,0.0015088,0.0027177,0.0018824,0.0015839,0.0005953,0.00084722],[0.010325,0.011383,0.0054067,0.0048737,0.0032525,0.0037208,0.0038165,0.0035626,0.0037439,0.0066844,0.003938,0,0.0045672,0.0050088,0.0045617,0.0035376,0.0044493,0.0051034],[0.0030554,0.0038109,0.0028467,0.0014449,0.00097127,0.0013407,0.0018878,0.0018334,0.0013051,0.0062166,0.0015088,0.0045672,0,0.00055011,0.00043391,0.00039193,0.00060708,0.00097281],[0.0028333,0.0036793,0.0043396,0.0025411,0.0020396,0.0025775,0.0033423,0.0031421,0.0025671,0.006659,0.0027177,0.0050088,0.00055011,0,0.00028944,0.00042654,0.0016842,0.0024484],[0.0029949,0.0036815,0.0033682,0.0017112,0.0014088,0.0018359,0.0024089,0.0023897,0.0020415,0.0079364,0.0018824,0.0045617,0.00043391,0.00028944,0,0.00014627,0.0012005,0.0018374],[0.0035576,0.0042439,0.0030671,0.0015952,0.0010102,0.0014565,0.0020228,0.0019628,0.001639,0.006793,0.0015839,0.0035376,0.00039193,0.00042654,0.00014627,0,0.00098268,0.0016228],[0.0043574,0.0051582,0.0021455,0.0011609,0.00055544,0.000758,0.0010874,0.001043,0.0005748,0.0068711,0.0005953,0.0044493,0.00060708,0.0016842,0.0012005,0.00098268,0,0.00041693],[0.0053189,0.0061169,0.0023854,0.0014605,0.001012,0.0011389,0.0012223,0.0012916,0.0009348,0.0081174,0.00084722,0.0051034,0.00097281,0.0024484,0.0018374,0.0016228,0.00041693,0]],"w":[0,0.05,0.05],"M":[[0,0,0,0,0,0,0,0,0,0,0,0,0,0,0,0,0,0],[0.038462,0.057692,0.019231,0.076923,0.076923,0.057692,0.038462,0.038462,0.076923,0.096154,0.057692,0.076923,0.057692,0.038462,0.038462,0.038462,0.038462,0.076923],[0.056008,0.071283,0.056008,0.050916,0.081976,0.0611,0.020367,0.025458,0.076884,0.09165,0.096741,0.061609,0.066191,0.020367,0.0611,0.035642,0.03055,0.036151]],"f":[0.0047235,0.0064488,0.0037619,0.006392,0.0079449,0.0059396,0.0029414,0.003196,0.0076903,0.0093902,0.0077217,0.0069266,0.0061942,0.0029414,0.0049781,0.0037052,0.0034506,0.0056537],"votes":[6,4,9,6,5,3,4,7,8],"tfrac":[0.1833,0.050916,0.16344,0.10234,0.09165,0.096741,0.061609,0.14766,0.10234]}},{"NodeType":"Leaf","FrameSpan":[2001,2491],"NumSegments":18,"NumCandidateKeyframes":18,"NumKeyframes":9,"Keyframes":[[],[],[],[],[],[],[],[],[]],"Descriptors":[],"KeyframeSelIdx":[1,3,5,7,9,12,14,16,18],"KeyframeAbsIdx":[2021,2091,2171,2251,2311,2371,2411,2451,2491],"Metrics":{"D":[[0,0.00042535,0.00091653,0.0013783,0.0014081,0.001486,0.00085278,0.0013807,0.0012726,0.00089029,0.0011692,0.0016712,0.0042257,0.0019716,0.0053144,0.0076651,0.0054672,0.0045242],[0.00042535,0,0.00038815,0.00064444,0.00070262,0.00086633,0.00053095,0.0012017,0.0010416,0.00049348,0.0010045,0.0013833,0.0038641,0.001962,0.0047024,0.0063962,0.0050302,0.0038304],[0.00091653,0.00038815,0,0.0009839,0.0013359,0.0014696,0.00073205,0.00092558,0.0014104,0.00099282,0.00087157,0.0012441,0.0033962,0.0025395,0.0041631,0.0057948,0.0053893,0.0036899],[0.0013783,0.00064444,0.0009839,0,0.00028971,0.00041166,0.00089664,0.0014182,0.0017745,0.00089482,0.002066,0.0014597,0.0041676,0.0021161,0.0043745,0.0060879,0.0055038,0.0042366],[0.0014081,0.00070262,0.0013359,0.00028971,0,0.00017127,0.00084004,0.0017351,0.0015247,0.00079847,0.0021821,0.0018773,0.004799,0.0021313,0.005575,0.0071626,0.0061575,0.0045868],[0.001486,0.00086633,0.0014696,0.00041166,0.00017127,0,0.00082855,0.001558,0.0018029,0.0010135,0.0023362,0.0021654,0.0055079,0.0024959,0.0054655,0.0072311,0.0065016,0.004958],[0.00085278,0.00053095,0.00073205,0.00089664,0.00084004,0.00082855,0,0.00085821,0.0010643,0.0010802,0.00069214,0.0017034,0.0055091,0.0028772,0.0051644,0.0073351,0.0060136,0.0036595],[0.0013807,0.0012017,0.00092558,0.0014182,0.0017351,0.001558,0.00085821,0,0.001303,0.0013732,0.0014539,0.0024626,0.0049809,0.0037032,0.0053909,0.0069313,0.0076283,0.0048371],[0.0012726,0.0010416,0.0014104,0.0017745,0.0015247,0.0018029,0.0010643,0.001303,0,0.00067095,0.0015593,0.0022269,0.0048922,0.0030972,0.0067416,0.0076731,0.0067317,0.0048016],[0.00089029,0.00049348,0.00099282,0.00089482,0.00079847,0.0010135,0.0010802,0.0013732,0.00067095,0,0.001761,0.0015757,0.0034443,0.0018153,0.0059007,0.006623,0.0060982,0.0045161],[0.0011692,0.0010045,0.00087157,0.002066,0.0021821,0.0023362,0.00069214,0.0014539,0.0015593,0.001761,0,0.0017812,0.0046908,0.0034329,0.0055871,0.007722,0.0061445,0.0037399],[0.0016712,0.0013833,0.0012441,0.0014597,0.0018773,0.0021654,0.0017034,0.0024626,0.0022269,0.0015757,0.0017812,0,0.0027171,0.001929,0.0040175,0.0055167,0.0037284,0.0031672],[0.0042257,0.0038641,0.0033962,0.0041676,0.004799,0.0055079,0.0055091,0.0049809,0.0048922,0.0034443,0.0046908,0.0027171,0,0.0030589,0.0064787,0.0070357,0.0065756,0.0062349],[0.0019716,0.001962,0.0025395,0.0021161,0.0021313,0.0024959,0.0028772,0.0037032,0.0030972,0.0018153,0.0034329,0.001929,0.0030589,0,0.0048083,0.0063006,0.0038587,0.0033759],[0.0053144,0.0047024,0.0041631,0.0043745,0.005575,0.0054655,0.0051644,0.0053909,0.0067416,0.0059007,0.0055871,0.0040175,0.0064787,0.0048083,0,0.002775,0.0028189,0.0035944],[0.0076651,0.0063962,0.0057948,0.0060879,0.0071626,0.0072311,0.0073351,0.0069313,0.0076731,0.006623,0.007722,0.0055167,0.0070357,0.0063006,0.002775,0,0.0055152,0.0058259],[0.0054672,0.0050302,0.0053893,0.0055038,0.0061575,0.0065016,0.0060136,0.0076283,0.0067317,0.0060982,0.0061445,0.0037284,0.0065756,0.0038587,0.0028189,0.0055152,0,0.0033148],[0.0045242,0.0038304,0.0036899,0.0042366,0.0045868,0.004958,0.0036595,0.0048371,0.0048016,0.0045161,0.0037399,0.0031672,0.0062349,0.0033759,0.0035944,0.0058259,0.0033148,0]],"w":[0,0.05,0.05],"M":[[0,0,0,0,0,0,0,0,0,0,0,0,0,0,0,0,0,0],[0.055556,0.055556,0.055556,0.055556,0.055556,0.055556,0.055556,0.055556,0.055556,0.055556,0.055556,0.055556,0.055556,0.055556,0.055556,0.055556,0.055556,0.055556],[0.0611,0.081466,0.081466,0.0611,0.10183,0.081466,0.081466,0.040733,0.0611,0.040733,0.040733,0.040733,0.040733,0.040733,0.040733,0.040733,0.040733,0.022403]],"f":[0.0058328,0.0068511,0.0068511,0.0058328,0.0078694,0.0068511,0.0068511,0.0048144,0.0058328,0.0048144,0.0048144,0.0048144,0.0048144,0.0048144,0.0048144,0.0048144,0.0048144,0.0038979],"votes":[2,2,2,2,2,3,2,2,1],"tfrac":[0.14257,0.14257,0.1833,0.1222,0.10183,0.1222,0.081466,0.081466,0.022403]}},{"NodeType":"Leaf","FrameSpan":[2501,2991],"NumSegments":12,"NumCandidateKeyframes":12,"NumKeyframes":9,"Keyframes":[[],[],[],[],[],[],[],[],[]],"Descriptors":[],"KeyframeSelIdx":[1,2,3,5,6,8,9,11,12],"KeyframeAbsIdx":[2521,2551,2571,2611,2641,2811,2831,2911,2971],"Metrics":{"D":[[0,0.0035969,0.0014325,0.0083489,0.004726,0.008475,0.0074713,0.0074308,0.0066452,0.010348,0.0035354,0.0032756],[0.0035969,0,0.0029762,0.012242,0.0078729,0.010847,0.0098444,0.010206,0.0070435,0.011962,0.0060414,0.006145],[0.0014325,0.0029762,0,0.0082518,0.0055603,0.0087893,0.007869,0.0082848,0.0052636,0.011322,0.0035232,0.0035561],[0.0083489,0.012242,0.0082518,0,0.011814,0.016044,0.015122,0.012948,0.012724,0.019226,0.0070808,0.0073911],[0.004726,0.0078729,0.0055603,0.011814,0,0.0048421,0.0041451,0.0032811,0.0073012,0.0091114,0.0050227,0.0047119],[0.008475,0.010847,0.0087893,0.016044,0.0048421,0,0.00011795,0.0075928,0.0092272,0.011255,0.0072822,0.0070187],[0.0074713,0.0098444,0.007869,0.015122,0.0041451,0.00011795,0,0.0068593,0.0082185,0.010024,0.0064252,0.0061351],[0.0074308,0.010206,0.0082848,0.012948,0.0032811,0.0075928,0.0068593,0,0.0087468,0.012617,0.0067028,0.0066054],[0.0066452,0.0070435,0.0052636,0.012724,0.0073012,0.0092272,0.0082185,0.0087468,0,0.0079516,0.0030062,0.0034218],[0.010348,0.011962,0.011322,0.019226,0.0091114,0.011255,0.010024,0.012617,0.0079516,0,0.0088601,0.0081543],[0.0035354,0.0060414,0.0035232,0.0070808,0.0050227,0.0072822,0.0064252,0.0067028,0.0030062,0.0088601,0,0.00012673],[0.0032756,0.006145,0.0035561,0.0073911,0.0047119,0.0070187,0.0061351,0.0066054,0.0034218,0.0081543,0.00012673,0]],"w":[0,0.05,0.05],"M":[[0,0,0,0,0,0,0,0,0,0,0,0],[0.083333,0.083333,0.083333,0.083333,0.083333,0.083333,0.083333,0.083333,0.083333,0.083333,0.083333,0.083333],[0.0611,0.0611,0.040733,0.040733,0.040733,0.0611,0.3055,0.040733,0.040733,0.0611,0.16293,0.083503]],"f":[0.0072217,0.0072217,0.0062033,0.0062033,0.0062033,0.0072217,0.019442,0.0062033,0.0062033,0.0072217,0.012313,0.0083418],"votes":[1,1,2,1,2,1,2,1,1],"tfrac":[0.0611,0.0611,0.081466,0.040733,0.3666,0.040733,0.10183,0.16293,0.083503]}},{"NodeType":"Merge","FrameSpan":[2001,2991],"NumSegments":30,"NumCandidateKeyframes":18,"NumKeyframes":9,"Keyframes":[[],[],[],[],[],[],[],[],[]],"Descriptors":[],"KeyframeSelIdx":[1,2,3,6,12,14,15,16,17],"KeyframeAbsIdx":[2021,2091,2171,2371,2571,2641,2811,2831,2911],"Metrics":{"D":[[0,0.0001622,0.0002492,0.00015092,0.00022522,0.00029577,0.00034892,0.0013565,0.00080067,0.0018844,0.0046894,0.0024106,0.0035658,0.0059258,0.0056874,0.004839,0.0024491,0.0022945],[0.0001622,0,0.00023642,0.00012956,0.00024961,0.00022018,0.00044943,0.0010255,0.00065303,0.001465,0.0043741,0.0020381,0.0032713,0.0059926,0.0053968,0.0046377,0.0020439,0.0018856],[0.0002492,0.00023642,0,0.00014867,0.00026983,0.00033224,0.00037719,0.0012676,0.00081175,0.0020664,0.0047638,0.0027563,0.0036662,0.0063815,0.0056224,0.0053054,0.0026703,0.002441],[0.00015092,0.00012956,0.00014867,0,0.00018835,0.00030147,0.0005092,0.0012981,0.00064764,0.0019705,0.0051205,0.0026529,0.0038303,0.0065833,0.0059893,0.0054205,0.002713,0.0025128],[0.00022522,0.00024961,0.00026983,0.00018835,0,0.00039411,0.00054813,0.001358,0.00084976,0.0018273,0.0049888,0.002571,0.0035548,0.0063324,0.0057942,0.0053385,0.0027995,0.002531],[0.00029577,0.00022018,0.00033224,0.00030147,0.00039411,0,0.00034139,0.00097632,0.00056053,0.0015756,0.0042653,0.0023351,0.0029791,0.0054784,0.0049561,0.0050629,0.0024098,0.002247],[0.00034892,0.00044943,0.00037719,0.0005092,0.00054813,0.00034139,0,0.001115,0.00059745,0.00156,0.0035718,0.0021574,0.0031973,0.0052932,0.0052166,0.0052647,0.0027754,0.0026203],[0.0013565,0.0010255,0.0012676,0.0012981,0.001358,0.00097632,0.001115,0,0.001031,0.0015859,0.0029705,0.0018195,0.0036118,0.0064454,0.005695,0.0055425,0.0027241,0.0025889],[0.00080067,0.00065303,0.00081175,0.00064764,0.00084976,0.00056053,0.00059745,0.001031,0,0.0013441,0.003449,0.0017889,0.0038654,0.0065002,0.0062004,0.0054988,0.0031748,0.0030552],[0.0018844,0.001465,0.0020664,0.0019705,0.0018273,0.0015756,0.00156,0.0015859,0.0013441,0,0.0030067,0.0011975,0.0039506,0.0070844,0.0062116,0.0055549,0.0029553,0.0027381],[0.0046894,0.0043741,0.0047638,0.0051205,0.0049888,0.0042653,0.0035718,0.0029705,0.003449,0.0030067,0,0.0024878,0.0065812,0.0090673,0.0085318,0.0058878,0.0050501,0.0051367],[0.0024106,0.0020381,0.0027563,0.0026529,0.002571,0.0023351,0.0021574,0.0018195,0.0017889,0.0011975,0.0024878,0,0.004648,0.0073472,0.0069255,0.0044,0.0029451,0.0029726],[0.0035658,0.0032713,0.0036662,0.0038303,0.0035548,0.0029791,0.0031973,0.0036118,0.0038654,0.0039506,0.0065812,0.004648,0,0.0040476,0.0027427,0.0061032,0.0041986,0.0039388],[0.0059258,0.0059926,0.0063815,0.0065833,0.0063324,0.0054784,0.0052932,0.0064454,0.0065002,0.0070844,0.0090673,0.0073472,0.0040476,0,0.006347,0.0077133,0.0060873,0.0058671],[0.0056874,0.0053968,0.0056224,0.0059893,0.0057942,0.0049561,0.0052166,0.005695,0.0062004,0.0062116,0.0085318,0.0069255,0.0027427,0.006347,0,0.0073116,0.005603,0.0055216],[0.004839,0.0046377,0.0053054,0.0054205,0.0053385,0.0050629,0.0052647,0.0055425,0.0054988,0.0055549,0.0058878,0.0044,0.0061032,0.0077133,0.0073116,0,0.002513,0.0028603],[0.0024491,0.0020439,0.0026703,0.002713,0.0027995,0.0024098,0.0027754,0.0027241,0.0031748,0.0029553,0.0050501,0.0029451,0.0041986,0.0060873,0.005603,0.002513,0,0.00010594],[0.0022945,0.0018856,0.002441,0.0025128,0.002531,0.002247,0.0026203,0.0025889,0.0030552,0.0027381,0.0051367,0.0029726,0.0039388,0.0058671,0.0055216,0.0028603,0.00010594,0]],"w":[0,0.05,0.05],"M":[[0,0,0,0,0,0,0,0,0,0,0,0,0,0,0,0,0,0],[0.066667,0.066667,0.066667,0.066667,0.066667,0.1,0.066667,0.066667,0.033333,0.033333,0.033333,0.066667,0.033333,0.066667,0.033333,0.066667,0.033333,0.033333],[0.071283,0.071283,0.09165,0.0611,0.050916,0.0611,0.040733,0.040733,0.011202,0.03055,0.03055,0.040733,0.020367,0.1833,0.020367,0.050916,0.081466,0.041752]],"f":[0.0068975,0.0068975,0.0079158,0.0063883,0.0058792,0.008055,0.00537,0.00537,0.0022267,0.0031942,0.0031942,0.00537,0.002685,0.012498,0.002685,0.0058792,0.00574,0.0037542],"votes":[2,2,4,10,5,2,1,2,2],"tfrac":[0.071283,0.071283,0.15275,0.20468,0.1222,0.1833,0.020367,0.050916,0.12322]}},{"NodeType":"Leaf","FrameSpan":[3001,3491],"NumSegments":10,"NumCandidateKeyframes":10,"NumKeyframes":9,"Keyframes":[[],[],[],[],[],[],[],[],[]],"Descriptors":[],"KeyframeSelIdx":[1,2,3,4,5,7,8,9,10],"KeyframeAbsIdx":[3051,3121,3181,3211,3241,3331,3381,3451,3491],"Metrics":{"D":[[0,0.0047352,0.0029209,0.0051938,0.014688,0.03028,0.0067943,0.0028213,0.0058299,0.0083446],[0.0047352,0,0.0023379,0.0075454,0.017263,0.030081,0.0058169,0.001885,0.0060387,0.01097],[0.0029209,0.0023379,0,0.0067972,0.014649,0.028414,0.0063402,0.0029913,0.006183,0.010585],[0.0051938,0.0075454,0.0067972,0,0.016871,0.033965,0.0097682,0.0054458,0.0098599,0.012925],[0.014688,0.017263,0.014649,0.016871,0,0.0048154,0.0066563,0.013982,0.0074698,0.015921],[0.03028,0.030081,0.028414,0.033965,0.0048154,0,0.013741,0.027368,0.016109,0.029613],[0.0067943,0.0058169,0.0063402,0.0097682,0.0066563,0.013741,0,0.0040798,0.00097636,0.010392],[0.0028213,0.001885,0.0029913,0.0054458,0.013982,0.027368,0.0040798,0,0.0033627,0.0085855],[0.0058299,0.0060387,0.006183,0.0098599,0.0074698,0.016109,0.00097636,0.0033627,0,0.0085848],[0.0083446,0.01097,0.010585,0.012925,0.015921,0.029613,0.010392,0.0085855,0.0085848,0]],"w":[0,0.05,0.05],"M":[[0,0,0,0,0,0,0,0,0,0],[0.1,0.1,0.1,0.1,0.1,0.1,0.1,0.1,0.1,0.1],[0.1833,0.1222,0.10183,0.040733,0.081466,0.10183,0.081466,0.1222,0.14257,0.022403]],"f":[0.014165,0.01111,0.010092,0.0070367,0.0090733,0.010092,0.0090733,0.01111,0.012128,0.0061202],"votes":[1,1,1,1,2,1,1,1,1],"tfrac":[0.1833,0.1222,0.10183,0.040733,0.1833,0.081466,0.1222,0.14257,0.022403]}},{"NodeType":"Leaf","FrameSpan":[3501,3991],"NumSegments":10,"NumCandidateKeyframes":10,"NumKeyframes":9,"Keyframes":[[],[],[],[],[],[],[],[],[]],"Descriptors":[],"KeyframeSelIdx":[1,2,3,4,5,7,8,9,10],"KeyframeAbsIdx":[3521,3571,3621,3691,3751,3811,3831,3881,3961],"Metrics":{"D":[[0,0.0018747,0.014191,0.028561,0.023791,0.022777,0.022322,0.023505,0.022713,0.021243],[0.0018747,0,0.0091202,0.022185,0.017618,0.016855,0.016335,0.017538,0.016014,0.015301],[0.014191,0.0091202,0,0.004129,0.010116,0.0098934,0.0095882,0.010727,0.0091776,0.0085247],[0.028561,0.022185,0.004129,0,0.012309,0.012664,0.012497,0.013037,0.012176,0.010887],[0.023791,0.017618,0.010116,0.012309,0,0.0040888,0.0046874,0.0059688,0.0041036,0.0040618],[0.022777,0.016855,0.0098934,0.012664,0.0040888,0,0.001504,0.0028768,0.0032269,0.0036048],[0.022322,0.016335,0.0095882,0.012497,0.0046874,0.001504,0,0.0031265,0.0023418,0.0032117],[0.023505,0.017538,0.010727,0.013037,0.0059688,0.0028768,0.0031265,0,0.0042734,0.0037637],[0.022713,0.016014,0.0091776,0.012176,0.0041036,0.0032269,0.0023418,0.0042734,0,0.0014872],[0.021243,0.015301,0.0085247,0.010887,0.0040618,0.0036048,0.0032117,0.0037637,0.0014872,0]],"w":[0,0.05,0.05],"M":[[0,0,0,0,0,0,0,0,0,0],[0.1,0.1,0.1,0.1,0.1,0.1,0.1,0.1,0.1,0.1],[0.081466,0.10183,0.1222,0.14257,0.10183,0.040733,0.0611,0.040733,0.16293,0.1446]],"f":[0.0090733,0.010092,0.01111,0.012128,0.010092,0.0070367,0.008055,0.0070367,0.013147,0.01223],"votes":[1,1,1,1,2,1,1,1,1],"tfrac":[0.081466,0.10183,0.1222,0.14257,0.14257,0.0611,0.040733,0.16293,0.1446]}},{"NodeType":"Merge","FrameSpan":[3001,3991],"NumSegments":20,"NumCandidateKeyframes":18,"NumKeyframes":9,"Keyframes":[[],[],[],[],[],[],[],[],[]],"Descriptors":[],"KeyframeSelIdx":[1,2,5,8,10,12,13,14,17],"KeyframeAbsIdx":[3051,3121,3241,3451,3521,3621,3691,3751,3881],"Metrics":{"D":[[0,0.0013547,0.00083567,0.0014859,0.0042024,0.0019438,0.00080717,0.0016679,0.0023874,0.0061888,0.0046298,0.0024948,0.0031749,0.0017659,0.0013501,0.0015729,0.0011128,0.00093115],[0.0013547,0,0.00066887,0.0021587,0.004939,0.0016642,0.00053929,0.0017277,0.0031385,0.0072998,0.0057622,0.0035667,0.0043861,0.0030212,0.0015099,0.0016578,0.0022596,0.0020249],[0.00083567,0.00066887,0,0.0019447,0.0041912,0.0018139,0.00085581,0.0017689,0.0030285,0.0072692,0.0056784,0.003425,0.0039709,0.0025594,0.0014334,0.0014321,0.0018902,0.0015855],[0.0014859,0.0021587,0.0019447,0,0.0048269,0.0027947,0.001558,0.0028209,0.003698,0.0077638,0.0055189,0.0032715,0.004187,0.0019014,0.00090604,0.0014512,0.00030814,0.00083307],[0.0042024,0.004939,0.0041912,0.0048269,0,0.0019044,0.0040004,0.0021371,0.0045551,0.0086734,0.0075812,0.0059371,0.0065018,0.0050869,0.0037656,0.0049107,0.0046177,0.0041691],[0.0019438,0.0016642,0.0018139,0.0027947,0.0019044,0,0.0011672,0.00027934,0.0029733,0.0070812,0.005904,0.0040007,0.0048487,0.0032865,0.0016116,0.0024567,0.0026223,0.0024027],[0.00080717,0.00053929,0.00085581,0.001558,0.0040004,0.0011672,0,0.00096208,0.0024563,0.0069268,0.0053469,0.003049,0.0035965,0.0022055,0.00090236,0.0015031,0.0014576,0.0012868],[0.0016679,0.0017277,0.0017689,0.0028209,0.0021371,0.00027934,0.00096208,0,0.0024561,0.0067651,0.0055815,0.0037651,0.0042853,0.0032847,0.0017945,0.0024832,0.0026703,0.002266],[0.0023874,0.0031385,0.0030285,0.003698,0.0045551,0.0029733,0.0024563,0.0024561,0,0.0014913,0.0010719,0.0024009,0.004898,0.0038678,0.0030604,0.0035458,0.0034578,0.0029528],[0.0061888,0.0072998,0.0072692,0.0077638,0.0086734,0.0070812,0.0069268,0.0067651,0.0014913,0,0.00060706,0.0045955,0.0092486,0.007704,0.0072283,0.0076113,0.0073551,0.0068789],[0.0046298,0.0057622,0.0056784,0.0055189,0.0075812,0.005904,0.0053469,0.0055815,0.0010719,0.00060706,0,0.0029533,0.0071839,0.0057049,0.0052897,0.0056791,0.0051857,0.0049548],[0.0024948,0.0035667,0.003425,0.0032715,0.0059371,0.0040007,0.003049,0.0037651,0.0024009,0.0045955,0.0029533,0,0.001337,0.0032759,0.0031048,0.0034736,0.0029719,0.0027605],[0.0031749,0.0043861,0.0039709,0.004187,0.0065018,0.0048487,0.0035965,0.0042853,0.004898,0.0092486,0.0071839,0.001337,0,0.003986,0.0040468,0.0042217,0.0039429,0.0035254],[0.0017659,0.0030212,0.0025594,0.0019014,0.0050869,0.0032865,0.0022055,0.0032847,0.0038678,0.007704,0.0057049,0.0032759,0.003986,0,0.0015179,0.0019328,0.0013288,0.0013153],[0.0013501,0.0015099,0.0014334,0.00090604,0.0037656,0.0016116,0.00090236,0.0017945,0.0030604,0.0072283,0.0052897,0.0031048,0.0040468,0.0015179,0,0.0010124,0.00075832,0.00104],[0.0015729,0.0016578,0.0014321,0.0014512,0.0049107,0.0024567,0.0015031,0.0024832,0.0035458,0.0076113,0.0056791,0.0034736,0.0042217,0.0019328,0.0010124,0,0.0013838,0.0012188],[0.0011128,0.0022596,0.0018902,0.00030814,0.0046177,0.0026223,0.0014576,0.0026703,0.0034578,0.0073551,0.0051857,0.0029719,0.0039429,0.0013288,0.00075832,0.0013838,0,0.00048157],[0.00093115,0.0020249,0.0015855,0.00083307,0.0041691,0.0024027,0.0012868,0.002266,0.0029528,0.0068789,0.0049548,0.0027605,0.0035254,0.0013153,0.00104,0.0012188,0.00048157,0]],"w":[0,0.05,0.05],"M":[[0,0,0,0,0,0,0,0,0,0,0,0,0,0,0,0,0,0],[0.05,0.05,0.05,0.05,0.1,0.05,0.05,0.05,0.05,0.05,0.05,0.05,0.05,0.1,0.05,0.05,0.05,0.05],[0.09165,0.0611,0.050916,0.020367,0.09165,0.040733,0.0611,0.071283,0.011202,0.040733,0.050916,0.0611,0.071283,0.071283,0.03055,0.020367,0.081466,0.072301]],"f":[0.0070825,0.005555,0.0050458,0.0035183,0.0095825,0.0045367,0.005555,0.0060642,0.0030601,0.0045367,0.0050458,0.005555,0.0060642,0.0085642,0.0040275,0.0035183,0.0065733,0.0061151],"votes":[1,2,4,3,2,1,1,3,3],"tfrac":[0.09165,0.11202,0.15275,0.14358,0.09165,0.0611,0.071283,0.10183,0.17413]}},{"NodeType":"Merge","FrameSpan":[2001,3991],"NumSegments":50,